0 1 3.607785e+02 1.819096e+02 1.026651e+02 8.845620e+01 2
0 2 5.887640e+02 1.724474e+02 7.692813e+01 2.821106e+01 3
10 1 1.145533e+02 1.905029e+02 2.620604e+02 1.819250e+02 2
10 9 4.412130e+02 1.815867e+02 3.450095e+01 2.505111e+01 3
10 2 5.935374e+02 1.716937e+02 9.051374e+01 3.310820e+01 3
10 12 7.256713e+02 1.625439e+02 2.859598e+01 1.951635e+01 3
20 9 4.951221e+02 1.806445e+02 3.779673e+01 2.901536e+01 3
20 2 6.713402e+02 1.669243e+02 1.128087e+02 4.089209e+01 3
20 12 8.206656e+02 1.586437e+02 3.534994e+01 2.242773e+01 3
20 6 9.103926e+02 1.571285e+02 7.728181e+01 2.465989e+01 3
20 3 1.007079e+03 1.505709e+02 1.119164e+02 3.294082e+01 3
20 4 1.060078e+03 1.493356e+02 1.204829e+02 3.815847e+01 3
30 9 5.039734e+02 1.747081e+02 4.374142e+01 3.516952e+01 3
30 10 5.781622e+02 1.706321e+02 2.940129e+01 2.318464e+01 3
30 17 6.634406e+02 1.676823e+02 3.146265e+01 2.162781e+01 3
30 2 7.192827e+02 1.537195e+02 1.494021e+02 5.299929e+01 3
30 11 7.608092e+02 1.516286e+02 8.669982e+01 3.323565e+01 3
30 12 8.800163e+02 1.502323e+02 4.245495e+01 2.612856e+01 3
30 14 9.118246e+02 1.514097e+02 4.795634e+01 2.397966e+01 3
30 7 9.792241e+02 1.486182e+02 9.399802e+01 2.818859e+01 3
30 6 1.002630e+03 1.467564e+02 9.710965e+01 2.989806e+01 3
30 3 1.139147e+03 1.379805e+02 1.028532e+02 4.218287e+01 3
30 9 5.039734e+02 1.747081e+02 4.374142e+01 3.516952e+01 3
30 10 5.781622e+02 1.706321e+02 2.940129e+01 2.318464e+01 1
30 17 6.634406e+02 1.676823e+02 3.146265e+01 2.162781e+01 3
30 2 7.192827e+02 1.537195e+02 1.494021e+02 5.299929e+01 3
30 11 7.608092e+02 1.516286e+02 8.669982e+01 3.323565e+01 3
30 12 8.800163e+02 1.502323e+02 4.245495e+01 2.612856e+01 3
30 14 9.118246e+02 1.514097e+02 4.795634e+01 2.397966e+01 3
30 7 9.792241e+02 1.486182e+02 9.399802e+01 2.818859e+01 3
30 6 1.002630e+03 1.467564e+02 9.710965e+01 2.989806e+01 3
30 3 1.139147e+03 1.379805e+02 1.028532e+02 4.218287e+01 3
40 9 4.512122e+02 1.829301e+02 5.673479e+01 4.466671e+01 3
40 16 4.747510e+02 1.840573e+02 4.984175e+01 3.541377e+01 3
40 10 5.378875e+02 1.770232e+02 4.193770e+01 3.271347e+01 1
40 21 6.051141e+02 1.789403e+02 2.578462e+01 2.064821e+01 3
40 17 6.488356e+02 1.741776e+02 3.596711e+01 2.485782e+01 3
40 2 7.349080e+02 1.598978e+02 2.057568e+02 7.280290e+01 3
40 11 7.644140e+02 1.590147e+02 1.024732e+02 3.899646e+01 3
40 12 8.914639e+02 1.510547e+02 5.106880e+01 2.936983e+01 3
40 14 9.254498e+02 1.546576e+02 5.576547e+01 2.671306e+01 3
40 13 9.882641e+02 1.451933e+02 5.735498e+01 3.448362e+01 3
40 8 9.950617e+02 1.501703e+02 1.114277e+02 3.307095e+01 3
40 7 1.020332e+03 1.488142e+02 1.123428e+02 3.309342e+01 3
40 6 1.049899e+03 1.469140e+02 1.170927e+02 3.535422e+01 3
50 9 3.875475e+02 1.830412e+02 8.143763e+01 5.950703e+01 3
50 16 4.267155e+02 1.839360e+02 6.881132e+01 4.477512e+01 3
50 10 4.850433e+02 1.786884e+02 7.004224e+01 5.341276e+01 1
50 21 5.925947e+02 1.792414e+02 2.915917e+01 2.334277e+01 3
50 17 6.428024e+02 1.743433e+02 4.202830e+01 2.911064e+01 3
50 2 7.774819e+02 1.489233e+02 3.254082e+02 1.142261e+02 3
50 11 7.809336e+02 1.494980e+02 1.254519e+02 4.732834e+01 3
50 12 9.229000e+02 1.511570e+02 6.310043e+01 3.410587e+01 3
50 14 9.603475e+02 1.535876e+02 6.916330e+01 3.096781e+01 3
50 13 1.030499e+03 1.400951e+02 7.273683e+01 3.998858e+01 3
50 7 1.097879e+03 1.478475e+02 1.414729e+02 4.046991e+01 3
50 6 1.138958e+03 1.436203e+02 1.030422e+02 4.388604e+01 3
60 10 2.962369e+02 1.739059e+02 2.205416e+02 1.405714e+02 1
60 9 3.067088e+02 1.812903e+02 1.300324e+02 8.703157e+01 3
60 16 3.915305e+02 1.826068e+02 9.124333e+01 5.899887e+01 3
60 15 4.453764e+02 1.828915e+02 6.099701e+01 4.084837e+01 3
60 87 5.744672e+02 1.703606e+02 3.829222e+01 1.558852e+01 3
60 21 6.061676e+02 1.775656e+02 3.433143e+01 2.684508e+01 3
60 17 6.679152e+02 1.719920e+02 4.983892e+01 3.504769e+01 3
60 11 8.447448e+02 1.417025e+02 1.665011e+02 6.084032e+01 3
60 2 9.719701e+02 1.062734e+02 2.700299e+02 2.687266e+02 3
60 12 9.997739e+02 1.440508e+02 8.256771e+01 4.145882e+01 3
60 14 1.041283e+03 1.473072e+02 9.364923e+01 3.760583e+01 3
60 13 1.128857e+03 1.322716e+02 1.023225e+02 4.894145e+01 3
70 9 7.199346e+01 1.913607e+02 3.004138e+02 1.713396e+02 3
70 16 3.195909e+02 1.827757e+02 1.461564e+02 8.710336e+01 3
70 15 4.171758e+02 1.844528e+02 8.599221e+01 5.479754e+01 3
70 18 4.683985e+02 1.801505e+02 6.011511e+01 4.398317e+01 3
70 19 5.059605e+02 1.831430e+02 4.078911e+01 3.266599e+01 3
70 88 5.385210e+02 1.697921e+02 4.509858e+01 1.345674e+01 3
70 21 6.301761e+02 1.759794e+02 4.022972e+01 3.160217e+01 3
70 87 6.449046e+02 1.674560e+02 4.431930e+01 1.614547e+01 3
70 27 6.687390e+02 1.742663e+02 4.824262e+01 2.593387e+01 3
70 22 6.980597e+02 1.722374e+02 1.055929e+02 3.673600e+01 3
70 17 7.051881e+02 1.692811e+02 6.630386e+01 4.433253e+01 3
70 11 9.534102e+02 1.254197e+02 2.488297e+02 8.594387e+01 3
70 12 1.122018e+03 1.338205e+02 1.199818e+02 5.335363e+01 3
80 16 3.770894e+01 1.921356e+02 3.600096e+02 1.828644e+02 3
80 15 3.307975e+02 1.932377e+02 1.448438e+02 8.836708e+01 3
80 18 4.309664e+02 1.836553e+02 8.973625e+01 6.134283e+01 3
80 19 4.944004e+02 1.868892e+02 5.493705e+01 4.248065e+01 3
80 20 5.147043e+02 1.842864e+02 4.755212e+01 3.587631e+01 3
80 89 6.001689e+02 1.736227e+02 3.911778e+01 1.292758e+01 3
80 21 6.541161e+02 1.790682e+02 4.672222e+01 3.909008e+01 3
80 26 6.689688e+02 1.802477e+02 5.491107e+01 3.269796e+01 3
80 27 6.994254e+02 1.764582e+02 5.705723e+01 3.112061e+01 3
80 22 7.428799e+02 1.677460e+02 1.412683e+02 4.792451e+01 3
80 17 7.555368e+02 1.711574e+02 1.037955e+02 6.249203e+01 3
90 15 1 2.073552e+02 3.569337e+02 1.676448e+02 3
90 18 3.069867e+02 1.863637e+02 1.647841e+02 1.062738e+02 3
90 19 4.407867e+02 1.878535e+02 8.524911e+01 6.224438e+01 3
90 20 4.793782e+02 1.844896e+02 6.735959e+01 4.892308e+01 3
90 21 6.677543e+02 1.774351e+02 6.135138e+01 5.332940e+01 3
90 26 6.850591e+02 1.788713e+02 6.800676e+01 4.232541e+01 3
90 27 7.228376e+02 1.736187e+02 7.038095e+01 3.901958e+01 3
90 22 8.028922e+02 1.633802e+02 2.224834e+02 7.235341e+01 3
90 17 8.369979e+02 1.619315e+02 2.250686e+02 1.133527e+02 3
100 18 1 1.993922e+02 3.298168e+02 1.756078e+02 3
100 19 3.185679e+02 1.944139e+02 1.720364e+02 1.154056e+02 3
100 20 4.192353e+02 1.871868e+02 1.141291e+02 7.734828e+01 3
100 25 4.651213e+02 1.718994e+02 6.344533e+01 2.160338e+01 3
100 23 4.964113e+02 1.771716e+02 5.768302e+01 5.059317e+01 3
100 24 5.030566e+02 1.825008e+02 6.406094e+01 3.735228e+01 3
100 21 7.164852e+02 1.780948e+02 9.297675e+01 8.421880e+01 3
100 26 7.299129e+02 1.763119e+02 8.861259e+01 6.031212e+01 3
100 27 7.756020e+02 1.703316e+02 9.135218e+01 5.281485e+01 3
100 31 9.246701e+02 1.640749e+02 8.539484e+01 2.888107e+01 3
100 30 9.742296e+02 1.645730e+02 1.012635e+02 4.256295e+01 3
100 22 9.884506e+02 1.513597e+02 2.535494e+02 1.499726e+02 3
110 20 2.220079e+02 1.937068e+02 2.664394e+02 1.665834e+02 3
110 23 4.537083e+02 1.723918e+02 8.522090e+01 7.304082e+01 3
110 24 4.788943e+02 1.806781e+02 8.607338e+01 5.055480e+01 3
110 25 6.760655e+02 1.623938e+02 6.724955e+01 2.234610e+01 3
110 28 7.559533e+02 1.630887e+02 1.331695e+02 4.966918e+01 3
110 26 8.137739e+02 1.772171e+02 1.315997e+02 1.048322e+02 3
110 21 8.140632e+02 1.745378e+02 2.544128e+02 1.900026e+02 3
110 27 8.629392e+02 1.647024e+02 1.275221e+02 8.015448e+01 3
110 31 1.011381e+03 1.643257e+02 1.095627e+02 3.675739e+01 3
110 30 1.114526e+03 1.634958e+02 1.274741e+02 5.943091e+01 3
120 23 2.786191e+02 1.788476e+02 1.608367e+02 1.264847e+02 3
120 24 3.634487e+02 1.874336e+02 1.212297e+02 7.705812e+01 3
120 28 7.423418e+02 1.650778e+02 1.752549e+02 6.531890e+01 3
120 25 8.266033e+02 1.646844e+02 6.667605e+01 2.233289e+01 3
120 27 9.635756e+02 1.714900e+02 1.859219e+02 1.463376e+02 3
120 26 9.893539e+02 1.929571e+02 2.526461e+02 1.820429e+02 3
120 31 1.048485e+03 1.723942e+02 1.299349e+02 4.623544e+01 3
120 23 2.786191e+02 1.788476e+02 1.608367e+02 1.264847e+02 3
120 24 3.634487e+02 1.874336e+02 1.212297e+02 7.705812e+01 2
120 28 7.423418e+02 1.650778e+02 1.752549e+02 6.531890e+01 3
120 25 8.266033e+02 1.646844e+02 6.667605e+01 2.233289e+01 3
120 27 9.635756e+02 1.714900e+02 1.859219e+02 1.463376e+02 3
120 26 9.893539e+02 1.929571e+02 2.526461e+02 1.820429e+02 3
120 31 1.048485e+03 1.723942e+02 1.299349e+02 4.623544e+01 3
