0 1 1.434415e+02 1.976397e+02 1.666841e+02 7.810240e+01 3
0 2 3.818122e+02 1.799767e+02 6.627149e+01 4.087122e+01 3
0 7 5.075399e+02 1.662071e+02 3.052656e+01 3.255072e+01 3
0 9 6.131033e+02 1.813868e+02 1.881564e+01 1.408899e+01 3
0 3 8.220924e+02 9.047750e+01 3.705899e+02 2.313921e+02 1
10 5 1.394471e+02 1.919310e+02 1.515232e+02 7.261773e+01 3
10 6 3.344206e+02 1.870400e+02 5.869642e+01 3.997855e+01 3
10 7 4.096587e+02 1.556334e+02 6.092442e+01 5.390177e+01 3
10 9 5.724954e+02 1.804766e+02 1.739237e+01 1.378148e+01 3
20 7 5.039370e+01 1.088879e+02 2.481722e+02 1.577442e+02 3
20 8 4.663863e+02 1.716162e+02 2.999528e+01 3.158854e+01 3
20 9 5.499748e+02 1.818366e+02 1.717023e+01 1.358373e+01 3
30 8 4.539393e+02 1.716381e+02 3.988539e+01 4.167929e+01 3
30 9 5.632348e+02 1.842931e+02 1.674397e+01 1.344487e+01 3
40 8 4.056841e+02 1.636962e+02 6.512714e+01 6.300579e+01 3
40 9 5.763556e+02 1.864875e+02 1.717487e+01 1.333313e+01 3
50 8 2.063811e+02 1.416533e+02 1.739285e+02 1.320936e+02 3
50 9 5.888557e+02 1.867889e+02 1.623627e+01 1.318132e+01 3
60 9 5.896623e+02 1.853103e+02 1.612940e+01 1.293436e+01 3
70 9 5.905465e+02 1.810241e+02 1.623088e+01 1.276609e+01 3
80 10 5.154927e+02 1.800945e+02 2.208775e+01 1.641497e+01 3
80 9 5.876087e+02 1.795339e+02 1.617800e+01 1.281703e+01 3
90 10 4.072629e+02 1.814975e+02 5.664116e+01 3.534717e+01 3
90 11 4.872560e+02 1.776141e+02 2.738213e+01 2.013001e+01 3
90 9 5.825060e+02 1.790014e+02 1.623300e+01 1.286262e+01 3
100 11 2.500393e+02 1.860790e+02 1.226894e+02 6.238888e+01 3
100 9 5.846135e+02 1.769587e+02 1.655496e+01 1.306041e+01 3
110 12 3.991873e+02 1.792188e+02 6.175730e+01 3.893780e+01 3
110 9 5.834777e+02 1.766348e+02 1.706101e+01 1.351743e+01 3
120 13 4.223564e+02 1.800329e+02 5.271454e+01 3.473140e+01 3
120 9 5.810548e+02 1.767127e+02 1.778146e+01 1.408769e+01 3
130 14 5.598581e+02 1.729797e+02 1.668072e+01 1.356098e+01 3
130 9 5.826329e+02 1.739034e+02 1.899314e+01 1.504631e+01 3
140 14 5.629167e+02 1.730257e+02 1.827975e+01 1.506627e+01 3
140 9 5.866970e+02 1.733543e+02 2.126757e+01 1.659846e+01 3
150 14 5.506199e+02 1.719998e+02 2.131407e+01 1.709767e+01 3
150 9 5.781537e+02 1.746351e+02 2.397182e+01 1.899271e+01 2
160 14 5.441983e+02 1.727985e+02 2.492088e+01 1.964186e+01 2
160 9 5.771368e+02 1.783569e+02 2.767525e+01 2.193517e+01 2
160 22 5.949477e+02 1.665338e+02 1.574317e+01 2.143088e+01 3
170 14 5.413906e+02 1.775747e+02 2.883666e+01 2.248981e+01 2
170 9 5.800325e+02 1.795987e+02 3.160965e+01 2.505981e+01 2
170 22 6.015913e+02 1.654807e+02 1.774134e+01 2.411774e+01 3
180 14 5.374347e+02 1.798064e+02 3.335787e+01 2.556309e+01 2
180 9 5.840966e+02 1.797218e+02 3.578880e+01 2.837094e+01 2
180 22 6.081260e+02 1.668937e+02 1.965528e+01 2.691909e+01 3
190 21 4.419988e+02 1.767574e+02 2.715335e+01 2.071827e+01 3
190 14 5.275173e+02 1.810572e+02 3.891271e+01 2.874296e+01 2
190 9 5.831840e+02 1.818508e+02 4.103351e+01 3.270880e+01 2
190 22 6.102191e+02 1.661115e+02 2.172293e+01 2.968550e+01 3
200 21 3.023919e+02 1.782206e+02 6.741725e+01 3.791702e+01 2
200 14 5.131042e+02 1.813218e+02 4.588649e+01 3.140064e+01 2
200 9 5.761758e+02 1.829947e+02 4.626910e+01 3.704768e+01 2
200 22 6.025235e+02 1.632380e+02 2.329720e+01 3.190918e+01 2
