0 7 1.114833e+01 1.754118e+02 2.113179e+02 8.647012e+01 3
0 48 1.134310e+02 1.668560e+02 1.981704e+01 6.359383e+01 3
0 8 1.626678e+02 1.684753e+02 1.269098e+02 6.523036e+01 3
0 1 5.646239e+02 1.723702e+02 8.963401e+01 8.478315e+01 1
0 46 6.555702e+02 1.705194e+02 2.610326e+01 4.019469e+01 1
0 6 7.172911e+02 1.754619e+02 1.338923e+02 5.960314e+01 3
0 5 7.197387e+02 1.645063e+02 1.840682e+02 8.513038e+01 3
0 4 7.776118e+02 1.747241e+02 2.060863e+02 1.080943e+02 3
0 3 8.845258e+02 1.664821e+02 2.572409e+02 1.744460e+02 3
0 49 8.960449e+02 1.606891e+02 1.179955e+01 3.761133e+01 3
0 50 9.012076e+02 1.685485e+02 8.119625e+00 2.801370e+01 3
10 8 1 1.676799e+02 1.973312e+02 9.303243e+01 3
10 9 5.284792e+02 1.680017e+02 2.739372e+01 2.238385e+01 3
10 1 5.640955e+02 1.706202e+02 1.054300e+02 9.968059e+01 1
10 46 7.095448e+02 1.656900e+02 3.014111e+01 4.764642e+01 1
10 6 7.700719e+02 1.735459e+02 1.845774e+02 8.757198e+01 3
10 5 7.922489e+02 1.572669e+02 2.771847e+02 1.432095e+02 3
10 50 9.407427e+02 1.671444e+02 9.330553e+00 3.154157e+01 3
10 4 9.475428e+02 1.711468e+02 2.944572e+02 2.038532e+02 3
10 49 9.540392e+02 1.614367e+02 1.495199e+01 4.428033e+01 3
20 54 7.754935e+01 1.892705e+02 9.050515e+01 3.035516e+01 3
20 9 5.065639e+02 1.708106e+02 3.556044e+01 2.837575e+01 3
20 1 5.604210e+02 1.718663e+02 1.162765e+02 1.099200e+02 1
20 46 7.616576e+02 1.653192e+02 3.568853e+01 5.458387e+01 3
20 6 8.467967e+02 1.754386e+02 2.481769e+02 1.382763e+02 3
20 47 9.165815e+02 1.676472e+02 2.328808e+01 3.839587e+01 3
20 5 9.491580e+02 1.565368e+02 2.928420e+02 2.184632e+02 3
20 50 9.796588e+02 1.692079e+02 1.083906e+01 3.523244e+01 3
20 49 1.008969e+03 1.614542e+02 1.867060e+01 5.156088e+01 3
