0 2 2.687379e+02 1.864167e+02 7.404984e+01 4.271711e+01 2
0 10 2.999987e+02 1.774997e+02 5.903972e+01 1.821708e+01 3
0 1 3.177736e+02 1.757161e+02 1.671039e+02 8.317956e+01 2
0 4 4.421661e+02 1.596346e+02 4.008622e+01 3.435117e+01 3
0 3 5.075541e+02 1.693047e+02 3.171140e+01 2.821806e+01 2
0 9 9.464110e+02 1.536908e+02 2.440837e+02 8.394185e+01 3
10 1 1 1.827340e+02 2.705328e+02 1.571353e+02 2
10 2 2.687997e+02 1.867657e+02 7.407417e+01 4.278749e+01 1
10 10 3.000620e+02 1.777859e+02 5.911431e+01 1.822483e+01 3
10 6 3.405981e+02 1.828585e+02 5.856366e+01 3.250538e+01 3
10 7 3.812275e+02 1.733572e+02 2.641395e+01 4.165436e+01 3
10 5 4.195560e+02 1.787006e+02 4.925652e+01 2.993030e+01 3
10 4 4.420903e+02 1.599140e+02 4.013218e+01 3.435260e+01 3
10 3 5.076375e+02 1.693312e+02 3.171219e+01 2.822536e+01 2
10 9 9.467416e+02 1.535441e+02 2.442601e+02 8.399353e+01 3
20 2 2.688617e+02 1.871150e+02 7.409850e+01 4.285798e+01 1
20 10 3.001260e+02 1.780724e+02 5.918747e+01 1.823235e+01 3
20 6 3.407948e+02 1.829878e+02 5.853499e+01 3.251653e+01 3
20 7 3.807938e+02 1.735708e+02 2.619026e+01 4.196083e+01 3
20 8 3.990160e+02 1.771551e+02 9.186888e+00 2.332002e+01 3
20 5 4.193865e+02 1.789814e+02 4.918312e+01 2.994366e+01 3
20 4 4.420145e+02 1.601933e+02 4.017813e+01 3.435402e+01 3
20 3 5.077208e+02 1.693578e+02 3.171298e+01 2.823267e+01 2
20 9 9.470726e+02 1.533972e+02 2.444366e+02 8.404526e+01 3
30 2 2.689237e+02 1.874647e+02 7.412285e+01 4.292858e+01 1
30 10 3.001909e+02 1.783591e+02 5.925918e+01 1.823963e+01 3
30 6 3.409914e+02 1.831171e+02 5.850634e+01 3.252768e+01 3
30 7 3.803554e+02 1.737876e+02 2.596053e+01 4.227176e+01 3
30 8 4.131093e+02 1.771040e+02 9.073098e+00 2.301926e+01 3
30 5 4.192169e+02 1.792624e+02 4.910955e+01 2.995707e+01 3
30 4 4.419387e+02 1.604727e+02 4.022407e+01 3.435543e+01 3
30 3 5.078042e+02 1.693844e+02 3.171376e+01 2.823997e+01 2
30 9 9.474039e+02 1.532502e+02 2.446134e+02 8.409706e+01 3
30 2 2.689237e+02 1.874647e+02 7.412285e+01 4.292858e+01 1
30 10 3.001909e+02 1.783591e+02 5.925918e+01 1.823963e+01 3
30 6 3.409914e+02 1.831171e+02 5.850634e+01 3.252768e+01 3
30 7 3.803554e+02 1.737876e+02 2.596053e+01 4.227176e+01 3
30 8 4.131093e+02 1.771040e+02 9.073098e+00 2.301926e+01 3
30 5 4.192169e+02 1.792624e+02 4.910955e+01 2.995707e+01 3
30 4 4.419387e+02 1.604727e+02 4.022407e+01 3.435543e+01 3
30 3 5.078042e+02 1.693844e+02 3.171376e+01 2.823997e+01 2
30 9 9.474039e+02 1.532502e+02 2.446134e+02 8.409706e+01 3
40 2 2.689857e+02 1.878146e+02 7.414722e+01 4.299929e+01 1
40 10 3.002565e+02 1.786461e+02 5.932945e+01 1.824668e+01 3
40 6 3.411880e+02 1.832464e+02 5.847770e+01 3.253881e+01 3
40 7 3.799124e+02 1.740075e+02 2.572469e+01 4.258725e+01 3
40 5 4.190472e+02 1.795437e+02 4.903582e+01 2.997053e+01 3
40 8 4.276879e+02 1.771131e+02 8.743950e+00 2.275488e+01 3
40 4 4.418629e+02 1.607521e+02 4.027000e+01 3.435683e+01 3
40 3 5.078877e+02 1.694109e+02 3.171454e+01 2.824728e+01 2
40 9 9.477355e+02 1.531030e+02 2.447904e+02 8.414892e+01 3
50 2 2.690479e+02 1.881648e+02 7.417159e+01 4.307012e+01 1
50 10 3.003230e+02 1.789332e+02 5.939828e+01 1.825350e+01 3
50 6 3.413846e+02 1.833756e+02 5.844908e+01 3.254994e+01 3
50 7 3.794645e+02 1.742307e+02 2.548266e+01 4.290741e+01 3
50 5 4.188775e+02 1.798251e+02 4.896193e+01 2.998405e+01 3
50 4 4.417871e+02 1.610315e+02 4.031592e+01 3.435822e+01 3
50 8 4.428440e+02 1.771797e+02 8.195842e+00 2.253244e+01 3
50 3 5.080907e+02 1.711077e+02 3.173229e+01 2.828279e+01 2
50 9 9.480675e+02 1.529556e+02 2.449677e+02 8.420085e+01 3
