0 1 7.037721e+01 1.828608e+02 2.016057e+02 6.786032e+01 3
0 2 4.302462e+02 1.719930e+02 1.467899e+02 4.937923e+01 2
0 3 8.058893e+02 1.617384e+02 1.548753e+02 9.001013e+01 2
0 4 9.211610e+02 1.457196e+02 1.392655e+02 5.719115e+01 3
0 41 1.129300e+03 1.621211e+02 1.126996e+02 6.122439e+01 3
10 2 1 1.674583e+02 1.208935e+02 1.127283e+02 3
10 4 7.456943e+02 1.442368e+02 1.723124e+02 7.780288e+01 3
10 3 1.071171e+03 1.547578e+02 1.708292e+02 1.058722e+02 2
10 5 1.113393e+03 1.557971e+02 1.286067e+02 5.220719e+01 3
20 4 9.004416e+01 1.504173e+02 3.193107e+02 1.503048e+02 3
20 5 7.249065e+02 1.775747e+02 1.446913e+02 6.791010e+01 2
20 6 9.524679e+02 1.798143e+02 1.041551e+02 4.564159e+01 3
20 7 1.080317e+03 1.796178e+02 8.599024e+01 3.427034e+01 3
20 3 1.118789e+03 1.745333e+02 1.232107e+02 9.193675e+01 2
30 5 1 1.686431e+02 2.041977e+02 2.063569e+02 3
30 6 5.044143e+02 1.830331e+02 1.331101e+02 6.690442e+01 2
30 7 6.949654e+02 1.834964e+02 7.118744e+01 3.728422e+01 3
30 8 7.629920e+02 1.834968e+02 4.560955e+01 2.992324e+01 3
30 9 7.921396e+02 1.825381e+02 3.674377e+01 2.619199e+01 3
30 10 8.165397e+02 1.825781e+02 3.004065e+01 2.293246e+01 3
30 3 8.860629e+02 1.813081e+02 7.270244e+01 6.284533e+01 2
30 41 9.382018e+02 1.857758e+02 3.343969e+01 2.887352e+01 3
40 7 2.316473e+02 1.858935e+02 1.464362e+02 6.566572e+01 1
40 8 3.985283e+02 1.834095e+02 6.722421e+01 4.090223e+01 3
40 9 4.491490e+02 1.818479e+02 4.859623e+01 3.279277e+01 3
40 10 4.887828e+02 1.805293e+02 3.213251e+01 2.582194e+01 3
40 3 6.050989e+02 1.783255e+02 4.818206e+01 4.753254e+01 2
50 8 8.110246e+01 1.908901e+02 1.952585e+02 8.902030e+01 3
50 9 2.975581e+02 1.889969e+02 9.114424e+01 5.407361e+01 3
50 10 3.950500e+02 1.845956e+02 4.985565e+01 3.644041e+01 3
50 11 4.415225e+02 1.875329e+02 3.982602e+01 2.376611e+01 3
50 3 5.684348e+02 1.807861e+02 4.188549e+01 4.144894e+01 2
60 9 1 1.925601e+02 6.670228e+01 1.824399e+02 3
60 10 2.351041e+02 1.865084e+02 1.130529e+02 6.753855e+01 3
60 11 3.907820e+02 1.877428e+02 5.915619e+01 3.336977e+01 3
60 3 5.770403e+02 1.824181e+02 3.717991e+01 3.697702e+01 2
70 11 2.068793e+02 1.888186e+02 1.491690e+02 6.563406e+01 3
70 12 4.560006e+02 1.630273e+02 2.650316e+01 2.127306e+01 3
70 3 5.907984e+02 1.728939e+02 3.332615e+01 3.294956e+01 3
80 12 4.249840e+02 1.652714e+02 4.234072e+01 2.668433e+01 3
80 3 5.838369e+02 1.790973e+02 3.021704e+01 2.987681e+01 3
90 12 3.709085e+02 1.642198e+02 7.344668e+01 3.768453e+01 1
90 3 5.767048e+02 1.787403e+02 2.800509e+01 2.768378e+01 2
100 12 2.536796e+02 1.518322e+02 1.602689e+02 6.127618e+01 1
100 3 5.810813e+02 1.791684e+02 2.675175e+01 2.644576e+01 3
110 12 1 9.360961e+01 3.333099e+02 1.802385e+02 1
110 3 5.871445e+02 1.728730e+02 2.621589e+01 2.591050e+01 3
110 13 7.132847e+02 1.553731e+02 2.809135e+01 7.185418e+01 2
120 15 4.101589e+02 1.764062e+02 3.832458e+01 3.108963e+01 3
120 14 4.326029e+02 1.813288e+02 4.182793e+01 2.951339e+01 3
120 16 4.924714e+02 1.752228e+02 2.291193e+01 2.326177e+01 3
120 3 5.860996e+02 1.791386e+02 2.607821e+01 2.578027e+01 3
130 14 2.211122e+01 1.819120e+02 2.271279e+02 1.065134e+02 3
130 15 2.088416e+02 1.687590e+02 1.094923e+02 6.688194e+01 3
130 16 4.441808e+02 1.678435e+02 4.248321e+01 3.799416e+01 3
130 3 5.903291e+02 1.745484e+02 2.614359e+01 2.584097e+01 3
140 16 1.690815e+02 1.552693e+02 1.780832e+02 1.081237e+02 3
140 17 4.514051e+02 1.854580e+02 3.315340e+01 2.250311e+01 3
140 3 5.917509e+02 1.794005e+02 2.634293e+01 2.604382e+01 3
150 17 2.359365e+02 1.906417e+02 1.151635e+02 5.779534e+01 3
150 18 4.266033e+02 1.842033e+02 4.199942e+01 2.670103e+01 3
150 3 5.891182e+02 1.765345e+02 2.671590e+01 2.641175e+01 2
160 18 6.088728e+01 1.977272e+02 1.979202e+02 8.943318e+01 2
160 19 4.053416e+02 1.811059e+02 4.526145e+01 3.346098e+01 3
160 21 5.522957e+02 1.778617e+02 2.063976e+01 2.016381e+01 2
160 3 5.895659e+02 1.756336e+02 2.695838e+01 2.665059e+01 3
170 19 1 1.778728e+02 1.937008e+02 1.181134e+02 3
170 20 3.919053e+02 1.686368e+02 5.390628e+01 3.755214e+01 3
170 21 5.419820e+02 1.709154e+02 2.797384e+01 2.642846e+01 2
170 3 5.877149e+02 1.704071e+02 2.704525e+01 2.672918e+01 2
180 20 1 1.709570e+02 2.133089e+02 1.186613e+02 2
180 22 3.919833e+02 1.878364e+02 4.762226e+01 2.970952e+01 3
180 21 5.137644e+02 1.783609e+02 4.286968e+01 3.833969e+01 2
180 3 5.799935e+02 1.771924e+02 2.706689e+01 2.675530e+01 3
190 22 1 1.986525e+02 1.969091e+02 1.015916e+02 3
190 23 2.968761e+02 1.870311e+02 6.674853e+01 3.826878e+01 3
190 27 4.399496e+02 1.767637e+02 1.072745e+01 4.494755e+01 1
190 21 4.527260e+02 1.766125e+02 8.407563e+01 6.996131e+01 1
190 3 5.854813e+02 1.766253e+02 2.709975e+01 2.678937e+01 3
190 24 6.570180e+02 1.646051e+02 4.632103e+01 5.133335e+01 1
200 21 1 1.831621e+02 4.291858e+02 1.918379e+02 1
200 27 2.679124e+02 1.738981e+02 2.832704e+01 9.695370e+01 1
200 3 5.973540e+02 1.737124e+02 2.731542e+01 2.690833e+01 2
200 26 7.064476e+02 1.697121e+02 2.783254e+01 7.686684e+01 2
200 39 7.258079e+02 1.517492e+02 8.804818e+01 9.581209e+01 1
200 24 7.402063e+02 1.462120e+02 1.146763e+02 1.225833e+02 1
200 25 7.440197e+02 1.617845e+02 2.923913e+01 9.464163e+01 1
210 29 9.696107e+01 1.995655e+02 1.695048e+02 7.187832e+01 3
210 30 2.217147e+02 1.869270e+02 9.411257e+01 5.052292e+01 3
210 31 4.594912e+02 1.840691e+02 3.188101e+01 1.999595e+01 3
210 3 6.034476e+02 1.775679e+02 2.751673e+01 2.712859e+01 2
220 31 2.455531e+02 1.863921e+02 9.905096e+01 4.618891e+01 3
220 3 6.009504e+02 1.736323e+02 2.765317e+01 2.732604e+01 3
220 40 7.980712e+02 1.620048e+02 2.418219e+01 6.032304e+01 3
230 32 4.093409e+02 1.870391e+02 3.830436e+01 2.342515e+01 3
230 33 4.645564e+02 1.854543e+02 3.263396e+01 2.258220e+01 3
230 34 5.084018e+02 1.833921e+02 1.928509e+01 1.507114e+01 3
230 3 5.995939e+02 1.800798e+02 2.780163e+01 2.747584e+01 2
230 40 1.199403e+03 1.541385e+02 4.259703e+01 1.965851e+02 3
240 32 1.118684e+02 1.951839e+02 1.392512e+02 5.933678e+01 3
240 33 1.572691e+02 1.926891e+02 1.459909e+02 7.149951e+01 3
240 34 4.374973e+02 1.829349e+02 3.945831e+01 2.672534e+01 3
240 3 5.990418e+02 1.760659e+02 2.802637e+01 2.769529e+01 2
250 34 1 2.004065e+02 1.760757e+02 1.210891e+02 3
250 3 5.997757e+02 1.765129e+02 2.865157e+01 2.831240e+01 3
260 3 5.991942e+02 1.713398e+02 2.964200e+01 2.928845e+01 2
270 35 1.923029e+02 1.758254e+02 1.267065e+02 3.009462e+01 2
270 3 5.942455e+02 1.792475e+02 3.069412e+01 3.033289e+01 2
280 35 7.844582e+01 1.679887e+02 1.691605e+02 3.761608e+01 2
280 3 5.880170e+02 1.737554e+02 3.152327e+01 3.115300e+01 2
280 35 7.844582e+01 1.679887e+02 1.691605e+02 3.761608e+01 2
280 3 5.880170e+02 1.737554e+02 3.152327e+01 3.115300e+01 2
290 35 1 1.685138e+02 1.376920e+02 5.163725e+01 2
290 3 5.884871e+02 1.709470e+02 3.172175e+01 3.126134e+01 2
300 36 1.879674e+02 1.864498e+02 1.869296e+01 4.576619e+01 1
300 37 2.240477e+02 1.825907e+02 4.866547e+01 4.680744e+01 1
300 3 5.927822e+02 1.732136e+02 3.129465e+01 3.092439e+01 2
310 3 5.946158e+02 1.800496e+02 3.063673e+01 3.027035e+01 2
