0 1 3.607785e+02 1.819096e+02 1.026651e+02 8.845620e+01 3
0 2 5.887640e+02 1.724474e+02 7.692813e+01 2.821106e+01 3
10 1 1.145533e+02 1.905029e+02 2.620604e+02 1.819250e+02 3
10 2 5.935374e+02 1.716937e+02 9.051374e+01 3.310820e+01 3
10 9 4.412130e+02 1.815867e+02 3.450095e+01 2.505111e+01 3
10 12 7.256713e+02 1.625439e+02 2.859598e+01 1.951635e+01 3
20 2 6.713402e+02 1.669243e+02 1.128087e+02 4.089209e+01 3
20 3 1.007079e+03 1.505709e+02 1.119164e+02 3.294082e+01 3
20 4 1.060078e+03 1.493356e+02 1.204829e+02 3.815847e+01 3
20 6 9.103926e+02 1.571285e+02 7.728181e+01 2.465989e+01 3
20 9 4.951221e+02 1.806445e+02 3.779673e+01 2.901536e+01 3
20 12 8.206656e+02 1.586437e+02 3.534994e+01 2.242773e+01 3
30 2 7.192827e+02 1.537195e+02 1.494021e+02 5.299929e+01 3
30 3 1.139147e+03 1.379805e+02 1.028532e+02 4.218287e+01 3
30 6 1.002630e+03 1.467564e+02 9.710965e+01 2.989806e+01 3
30 7 9.792241e+02 1.486182e+02 9.399802e+01 2.818859e+01 3
30 9 5.039734e+02 1.747081e+02 4.374142e+01 3.516952e+01 3
30 10 5.781622e+02 1.706321e+02 2.940129e+01 2.318464e+01 3
30 11 7.608092e+02 1.516286e+02 8.669982e+01 3.323565e+01 3
30 12 8.800163e+02 1.502323e+02 4.245495e+01 2.612856e+01 3
30 14 9.118246e+02 1.514097e+02 4.795634e+01 2.397966e+01 3
30 17 6.634406e+02 1.676823e+02 3.146265e+01 2.162781e+01 3
40 2 7.349080e+02 1.598978e+02 2.057568e+02 7.280290e+01 3
40 6 1.049899e+03 1.469140e+02 1.170927e+02 3.535422e+01 3
40 7 1.020332e+03 1.488142e+02 1.123428e+02 3.309342e+01 3
40 8 9.950617e+02 1.501703e+02 1.114277e+02 3.307095e+01 3
40 9 4.512122e+02 1.829301e+02 5.673479e+01 4.466671e+01 3
40 10 5.378875e+02 1.770232e+02 4.193770e+01 3.271347e+01 3
40 11 7.644140e+02 1.590147e+02 1.024732e+02 3.899646e+01 3
40 12 8.914639e+02 1.510547e+02 5.106880e+01 2.936983e+01 3
40 13 9.882641e+02 1.451933e+02 5.735498e+01 3.448362e+01 3
40 14 9.254498e+02 1.546576e+02 5.576547e+01 2.671306e+01 3
40 16 4.747510e+02 1.840573e+02 4.984175e+01 3.541377e+01 3
40 17 6.488356e+02 1.741776e+02 3.596711e+01 2.485782e+01 3
40 21 6.051141e+02 1.789403e+02 2.578462e+01 2.064821e+01 3
50 2 7.774819e+02 1.489233e+02 3.254082e+02 1.142261e+02 3
50 6 1.138958e+03 1.436203e+02 1.030422e+02 4.388604e+01 3
50 7 1.097879e+03 1.478475e+02 1.414729e+02 4.046991e+01 3
50 9 3.875475e+02 1.830412e+02 8.143763e+01 5.950703e+01 3
50 10 4.850433e+02 1.786884e+02 7.004224e+01 5.341276e+01 3
50 11 7.809336e+02 1.494980e+02 1.254519e+02 4.732834e+01 3
50 12 9.229000e+02 1.511570e+02 6.310043e+01 3.410587e+01 3
50 13 1.030499e+03 1.400951e+02 7.273683e+01 3.998858e+01 3
50 14 9.603475e+02 1.535876e+02 6.916330e+01 3.096781e+01 3
50 16 4.267155e+02 1.839360e+02 6.881132e+01 4.477512e+01 3
50 17 6.428024e+02 1.743433e+02 4.202830e+01 2.911064e+01 3
50 21 5.925947e+02 1.792414e+02 2.915917e+01 2.334277e+01 3
60 2 9.719701e+02 1.062734e+02 2.700299e+02 2.687266e+02 3
60 9 3.067088e+02 1.812903e+02 1.300324e+02 8.703157e+01 3
60 10 2.962369e+02 1.739059e+02 2.205416e+02 1.405714e+02 3
60 11 8.447448e+02 1.417025e+02 1.665011e+02 6.084032e+01 3
60 12 9.997739e+02 1.440508e+02 8.256771e+01 4.145882e+01 3
60 13 1.128857e+03 1.322716e+02 1.023225e+02 4.894145e+01 3
60 14 1.041283e+03 1.473072e+02 9.364923e+01 3.760583e+01 3
60 15 4.453764e+02 1.828915e+02 6.099701e+01 4.084837e+01 3
60 16 3.915305e+02 1.826068e+02 9.124333e+01 5.899887e+01 3
60 17 6.679152e+02 1.719920e+02 4.983892e+01 3.504769e+01 3
60 21 6.061676e+02 1.775656e+02 3.433143e+01 2.684508e+01 3
60 87 5.744672e+02 1.703606e+02 3.829222e+01 1.558852e+01 3
40 2 7.349080e+02 1.598978e+02 2.057568e+02 7.280290e+01 3
40 6 1.049899e+03 1.469140e+02 1.170927e+02 3.535422e+01 3
40 7 1.020332e+03 1.488142e+02 1.123428e+02 3.309342e+01 3
40 8 9.950617e+02 1.501703e+02 1.114277e+02 3.307095e+01 3
40 9 4.512122e+02 1.829301e+02 5.673479e+01 4.466671e+01 3
40 10 5.378875e+02 1.770232e+02 4.193770e+01 3.271347e+01 2
40 11 7.644140e+02 1.590147e+02 1.024732e+02 3.899646e+01 3
40 12 8.914639e+02 1.510547e+02 5.106880e+01 2.936983e+01 3
40 13 9.882641e+02 1.451933e+02 5.735498e+01 3.448362e+01 3
40 14 9.254498e+02 1.546576e+02 5.576547e+01 2.671306e+01 3
40 16 4.747510e+02 1.840573e+02 4.984175e+01 3.541377e+01 3
40 17 6.488356e+02 1.741776e+02 3.596711e+01 2.485782e+01 3
40 21 6.051141e+02 1.789403e+02 2.578462e+01 2.064821e+01 3
50 2 7.774819e+02 1.489233e+02 3.254082e+02 1.142261e+02 3
50 6 1.138958e+03 1.436203e+02 1.030422e+02 4.388604e+01 3
50 7 1.097879e+03 1.478475e+02 1.414729e+02 4.046991e+01 3
50 9 3.875475e+02 1.830412e+02 8.143763e+01 5.950703e+01 3
50 10 4.850433e+02 1.786884e+02 7.004224e+01 5.341276e+01 2
50 11 7.809336e+02 1.494980e+02 1.254519e+02 4.732834e+01 3
50 12 9.229000e+02 1.511570e+02 6.310043e+01 3.410587e+01 3
50 13 1.030499e+03 1.400951e+02 7.273683e+01 3.998858e+01 3
50 14 9.603475e+02 1.535876e+02 6.916330e+01 3.096781e+01 3
50 16 4.267155e+02 1.839360e+02 6.881132e+01 4.477512e+01 3
50 17 6.428024e+02 1.743433e+02 4.202830e+01 2.911064e+01 3
50 21 5.925947e+02 1.792414e+02 2.915917e+01 2.334277e+01 3
