0 2 2.687379e+02 1.864167e+02 7.404984e+01 4.271711e+01 3
0 10 2.999987e+02 1.774997e+02 5.903972e+01 1.821708e+01 3
0 1 3.177736e+02 1.757161e+02 1.671039e+02 8.317956e+01 2
0 4 4.421661e+02 1.596346e+02 4.008622e+01 3.435117e+01 3
0 3 5.075541e+02 1.693047e+02 3.171140e+01 2.821806e+01 3
0 9 9.464110e+02 1.536908e+02 2.440837e+02 8.394185e+01 2
10 1 1 1.827340e+02 2.705328e+02 1.571353e+02 2
10 2 2.687997e+02 1.867657e+02 7.407417e+01 4.278749e+01 3
10 10 3.000620e+02 1.777859e+02 5.911431e+01 1.822483e+01 3
10 6 3.405981e+02 1.828585e+02 5.856366e+01 3.250538e+01 3
10 7 3.812275e+02 1.733572e+02 2.641395e+01 4.165436e+01 3
10 5 4.195560e+02 1.787006e+02 4.925652e+01 2.993030e+01 3
10 4 4.420903e+02 1.599140e+02 4.013218e+01 3.435260e+01 3
10 3 5.076375e+02 1.693312e+02 3.171219e+01 2.822536e+01 3
10 9 9.467416e+02 1.535441e+02 2.442601e+02 8.399353e+01 2
20 2 2.688617e+02 1.871150e+02 7.409850e+01 4.285798e+01 3
20 10 3.001260e+02 1.780724e+02 5.918747e+01 1.823235e+01 3
20 6 3.407948e+02 1.829878e+02 5.853499e+01 3.251653e+01 3
20 7 3.807938e+02 1.735708e+02 2.619026e+01 4.196083e+01 3
20 8 3.990160e+02 1.771551e+02 9.186888e+00 2.332002e+01 3
20 5 4.193865e+02 1.789814e+02 4.918312e+01 2.994366e+01 3
20 4 4.420145e+02 1.601933e+02 4.017813e+01 3.435402e+01 3
20 3 5.077208e+02 1.693578e+02 3.171298e+01 2.823267e+01 3
20 9 9.470726e+02 1.533972e+02 2.444366e+02 8.404526e+01 2
30 2 2.689237e+02 1.874647e+02 7.412285e+01 4.292858e+01 3
30 10 3.001909e+02 1.783591e+02 5.925918e+01 1.823963e+01 3
30 6 3.409914e+02 1.831171e+02 5.850634e+01 3.252768e+01 3
30 7 3.803554e+02 1.737876e+02 2.596053e+01 4.227176e+01 3
30 8 4.131093e+02 1.771040e+02 9.073098e+00 2.301926e+01 3
30 5 4.192169e+02 1.792624e+02 4.910955e+01 2.995707e+01 3
30 4 4.419387e+02 1.604727e+02 4.022407e+01 3.435543e+01 3
30 3 5.078042e+02 1.693844e+02 3.171376e+01 2.823997e+01 3
30 9 9.474039e+02 1.532502e+02 2.446134e+02 8.409706e+01 2
40 2 2.689857e+02 1.878146e+02 7.414722e+01 4.299929e+01 3
40 10 3.002565e+02 1.786461e+02 5.932945e+01 1.824668e+01 3
40 6 3.411880e+02 1.832464e+02 5.847770e+01 3.253881e+01 3
40 7 3.799124e+02 1.740075e+02 2.572469e+01 4.258725e+01 3
40 5 4.190472e+02 1.795437e+02 4.903582e+01 2.997053e+01 3
40 8 4.276879e+02 1.771131e+02 8.743950e+00 2.275488e+01 3
40 4 4.418629e+02 1.607521e+02 4.027000e+01 3.435683e+01 3
40 3 5.078877e+02 1.694109e+02 3.171454e+01 2.824728e+01 3
40 9 9.477355e+02 1.531030e+02 2.447904e+02 8.414892e+01 2
50 2 2.690479e+02 1.881648e+02 7.417159e+01 4.307012e+01 3
50 10 3.003230e+02 1.789332e+02 5.939828e+01 1.825350e+01 3
50 6 3.413846e+02 1.833756e+02 5.844908e+01 3.254994e+01 3
50 7 3.794645e+02 1.742307e+02 2.548266e+01 4.290741e+01 3
50 5 4.188775e+02 1.798251e+02 4.896193e+01 2.998405e+01 3
50 4 4.417871e+02 1.610315e+02 4.031592e+01 3.435822e+01 3
50 8 4.428440e+02 1.771797e+02 8.195842e+00 2.253244e+01 3
50 3 5.080907e+02 1.711077e+02 3.173229e+01 2.828279e+01 3
50 9 9.480675e+02 1.529556e+02 2.449677e+02 8.420085e+01 2
60 2 2.643022e+02 1.888750e+02 7.611970e+01 4.407177e+01 3
60 10 2.975875e+02 1.799958e+02 6.019085e+01 1.846073e+01 3
60 6 3.375676e+02 1.843768e+02 5.979592e+01 3.324331e+01 3
60 7 3.662186e+02 1.749124e+02 2.748557e+01 4.714846e+01 3
60 5 4.175800e+02 1.805498e+02 4.886650e+01 3.073312e+01 3
60 4 4.384618e+02 1.613931e+02 4.553482e+01 3.499204e+01 3
60 8 4.576485e+02 1.772454e+02 7.711085e+00 2.231313e+01 3
60 3 5.086367e+02 1.705942e+02 3.293068e+01 2.866904e+01 3
60 9 9.633769e+02 1.516882e+02 2.600875e+02 8.871988e+01 2
70 2 2.198551e+02 1.930279e+02 9.218095e+01 5.181492e+01 3
70 10 2.938805e+02 1.822465e+02 6.195114e+01 1.913869e+01 3
70 7 3.228536e+02 1.766043e+02 3.668130e+01 5.855141e+01 3
70 6 3.246406e+02 1.876855e+02 6.529540e+01 3.618425e+01 3
70 5 4.009348e+02 1.826822e+02 5.340925e+01 3.559691e+01 3
70 4 4.391344e+02 1.622921e+02 4.721021e+01 3.620709e+01 3
70 8 4.691171e+02 1.779886e+02 1.011151e+01 2.272751e+01 3
70 3 5.093481e+02 1.727538e+02 3.448938e+01 3.027521e+01 3
70 9 1.028083e+03 1.455436e+02 2.139165e+02 1.072641e+02 2
80 2 1 2.184483e+02 1.710872e+02 8.624267e+01 3
80 7 1.262294e+02 1.949868e+02 7.985039e+01 9.798898e+01 3
80 6 2.330677e+02 2.064585e+02 9.056141e+01 4.931290e+01 3
80 10 2.518451e+02 2.014395e+02 6.902813e+01 2.175944e+01 3
80 5 3.169529e+02 2.019449e+02 8.378289e+01 5.264360e+01 3
80 4 4.125099e+02 1.793566e+02 4.858322e+01 3.911567e+01 3
80 8 4.549488e+02 1.934236e+02 1.221587e+01 2.419532e+01 3
80 3 4.802691e+02 1.877060e+02 4.041830e+01 3.572578e+01 3
80 12 9.380446e+02 1.736295e+02 3.907615e+01 2.043123e+01 3
80 9 1.151899e+03 1.437172e+02 9.010065e+01 1.613290e+02 2
90 5 1 2.079758e+02 1.635604e+02 1.090565e+02 3
90 10 8.492592e+01 2.019552e+02 9.029497e+01 2.630237e+01 3
90 4 2.901758e+02 1.778947e+02 6.234102e+01 4.514567e+01 3
90 3 3.506299e+02 1.873097e+02 5.627754e+01 4.632280e+01 3
90 12 8.273588e+02 1.798332e+02 4.504250e+01 2.509919e+01 3
90 13 9.249635e+02 1.744099e+02 1.467301e+01 1.951087e+01 3
100 3 1 1.910132e+02 8.390714e+01 7.928023e+01 3
100 4 1 1.777586e+02 6.312491e+01 6.149649e+01 3
100 11 4.085928e+01 2.015539e+02 9.191134e+01 4.921042e+01 3
100 12 6.216818e+02 1.841588e+02 5.273106e+01 3.277297e+01 2
100 13 7.239915e+02 1.775918e+02 1.523652e+01 2.280190e+01 3
110 12 3.934135e+02 1.866723e+02 8.223823e+01 4.930709e+01 2
110 13 5.393285e+02 1.771602e+02 1.884397e+01 3.056117e+01 3
110 15 5.497538e+02 1.792330e+02 3.237446e+01 2.092521e+01 3
120 12 1.963032e+02 1.928707e+02 1.611745e+02 8.531300e+01 2
120 13 4.474912e+02 1.760903e+02 3.297966e+01 4.654346e+01 3
120 15 5.054585e+02 1.782737e+02 3.834632e+01 2.432701e+01 3
120 14 6.241763e+02 1.732082e+02 3.898243e+01 2.154518e+01 2
120 17 6.669447e+02 1.718429e+02 2.320286e+01 2.110310e+01 2
130 12 1 2.057872e+02 8.610207e+01 1.692128e+02 3
130 13 2.476949e+02 1.859817e+02 8.277463e+01 9.168265e+01 3
130 15 4.626784e+02 1.842281e+02 4.982893e+01 2.989506e+01 3
130 16 4.885174e+02 1.759378e+02 4.323015e+01 3.265785e+01 3
130 14 6.112200e+02 1.796414e+02 2.383238e+01 2.265950e+01 2
130 17 6.562372e+02 1.767454e+02 2.612325e+01 2.463206e+01 2
140 15 4.203494e+02 1.845840e+02 6.720033e+01 3.868686e+01 2
140 16 4.589200e+02 1.760463e+02 5.580361e+01 4.084765e+01 2
140 14 6.222460e+02 1.779446e+02 3.412269e+01 2.381396e+01 2
140 17 6.661419e+02 1.750460e+02 3.381071e+01 3.023488e+01 2
140 55 1.015899e+03 1.602587e+02 1.080187e+02 3.488559e+01 3
150 15 3.496931e+02 1.889787e+02 1.015269e+02 5.610477e+01 3
150 16 4.148483e+02 1.774018e+02 7.877349e+01 5.542045e+01 3
150 14 6.581339e+02 1.792525e+02 3.400098e+01 2.482830e+01 1
150 17 6.897292e+02 1.748416e+02 4.821646e+01 3.981315e+01 1
150 19 6.952546e+02 1.652498e+02 3.406727e+01 4.429410e+01 1
160 15 1.480082e+02 1.940292e+02 2.029055e+02 1.017342e+02 3
160 16 3.009268e+02 1.761654e+02 1.348869e+02 8.681496e+01 3
160 18 6.554085e+02 1.816093e+02 3.199232e+01 2.088782e+01 2
160 14 6.881239e+02 1.815812e+02 3.073995e+01 2.539046e+01 2
160 17 7.144920e+02 1.814878e+02 7.615924e+01 5.786063e+01 2
160 19 7.224124e+02 1.685564e+02 4.528664e+01 6.027861e+01 2
170 16 1 1.503486e+02 2.560704e+02 1.970643e+02 3
170 18 5.958178e+02 1.660353e+02 4.860066e+01 3.265957e+01 2
170 14 6.929517e+02 1.659485e+02 3.031090e+01 2.476993e+01 1
170 19 7.348300e+02 1.446839e+02 8.466776e+01 9.317230e+01 1
170 17 7.394771e+02 1.670671e+02 1.462977e+02 1.017567e+02 1
180 18 4.524928e+02 1.816201e+02 1.109666e+02 7.716933e+01 1
180 14 6.831243e+02 1.750265e+02 2.876056e+01 2.393934e+01 1
180 23 7.301504e+02 1.728716e+02 4.075354e+01 3.789041e+01 1
180 20 7.454610e+02 1.549865e+02 9.455120e+01 1.083627e+02 1
180 19 7.860736e+02 1.341932e+02 2.188115e+02 2.031162e+02 1
180 17 8.603232e+02 1.819998e+02 3.816768e+02 1.930002e+02 1
190 14 6.570786e+02 1.781815e+02 2.596250e+01 2.322713e+01 1
190 24 7.058719e+02 1.827323e+02 3.357309e+01 2.879441e+01 3
190 23 7.144421e+02 1.768066e+02 5.840677e+01 5.112642e+01 3
190 21 7.419540e+02 1.673992e+02 1.069513e+02 9.459612e+01 3
190 22 7.852053e+02 1.868051e+02 1.645455e+02 1.267315e+02 1
190 20 8.329705e+02 1.200923e+02 3.499417e+02 2.549077e+02 1
200 14 6.145398e+02 1.735902e+02 2.440417e+01 2.258935e+01 1
200 25 6.685011e+02 1.773121e+02 4.599986e+01 3.404163e+01 1
200 24 6.759949e+02 1.796430e+02 4.714335e+01 3.782137e+01 1
200 23 6.992803e+02 1.712361e+02 9.800744e+01 8.099092e+01 1
200 21 7.923361e+02 1.421454e+02 3.365659e+02 2.328546e+02 1
210 14 5.989332e+02 1.812328e+02 2.342186e+01 2.234135e+01 1
210 29 6.463045e+02 1.795195e+02 3.757013e+01 3.215381e+01 2
210 27 6.568968e+02 1.807057e+02 3.950230e+01 3.322349e+01 2
210 25 6.671957e+02 1.825116e+02 6.485337e+01 4.903712e+01 2
210 24 6.786441e+02 1.873008e+02 7.825471e+01 6.017276e+01 2
210 46 6.913349e+02 1.719706e+02 1.446590e+01 3.356177e+01 3
210 23 7.618139e+02 1.660751e+02 3.090136e+02 2.089249e+02 2
220 35 3.749972e+02 1.853812e+02 5.466309e+01 1.926019e+01 3
220 26 5.560782e+02 1.786759e+02 2.380149e+01 1.982733e+01 2
220 14 5.956485e+02 1.761266e+02 2.351640e+01 2.237153e+01 1
220 29 6.543595e+02 1.739500e+02 5.375181e+01 4.458959e+01 2
220 27 6.717249e+02 1.788492e+02 6.033353e+01 4.839357e+01 2
220 25 7.025493e+02 1.815387e+02 1.307458e+02 9.156061e+01 2
220 46 7.093943e+02 1.647847e+02 1.898226e+01 4.307396e+01 3
220 24 7.407286e+02 1.934666e+02 2.212528e+02 1.505260e+02 2
230 35 3.267035e+02 1.833377e+02 6.729865e+01 2.328107e+01 3
230 34 4.086447e+02 1.829682e+02 5.972275e+01 2.231842e+01 3
230 26 5.297694e+02 1.822641e+02 3.909621e+01 3.179430e+01 2
230 14 5.985440e+02 1.789697e+02 2.388872e+01 2.272683e+01 1
230 32 6.380782e+02 1.768345e+02 2.702668e+01 2.421624e+01 2
230 31 6.518807e+02 1.789013e+02 4.757698e+01 3.704085e+01 2
230 30 6.727457e+02 1.736428e+02 6.441843e+01 6.040033e+01 2
230 29 6.816279e+02 1.760720e+02 9.651000e+01 7.468202e+01 2
230 27 7.194362e+02 1.827877e+02 1.316749e+02 9.428815e+01 2
230 46 7.495312e+02 1.616401e+02 2.830484e+01 6.125306e+01 3
240 35 2.434922e+02 1.864121e+02 8.808841e+01 2.978248e+01 3
240 34 3.474737e+02 1.858497e+02 7.827524e+01 2.854020e+01 3
240 26 4.057510e+02 1.863516e+02 1.104926e+02 7.968298e+01 1
240 14 5.894199e+02 1.763034e+02 2.458160e+01 2.338602e+01 1
240 39 6.276083e+02 1.777282e+02 2.476337e+01 2.074660e+01 2
240 32 6.394222e+02 1.780347e+02 3.656405e+01 3.188142e+01 2
240 33 6.547191e+02 1.768562e+02 5.668560e+01 4.791748e+01 2
240 31 6.649013e+02 1.788162e+02 7.725334e+01 5.830249e+01 2
240 30 7.189436e+02 1.719791e+02 1.449556e+02 1.271530e+02 2
240 29 7.615272e+02 1.760368e+02 3.564842e+02 1.989632e+02 2
240 46 8.195951e+02 1.547568e+02 5.317803e+01 1.064668e+02 3
250 36 1 1.917931e+02 9.885761e+01 3.910670e+01 3
250 35 1.315637e+02 1.873647e+02 1.226256e+02 4.022013e+01 3
250 34 2.738168e+02 1.859576e+02 1.083691e+02 3.873839e+01 3
250 14 6.044711e+02 1.733287e+02 2.562960e+01 2.437943e+01 1
250 39 6.500257e+02 1.785727e+02 3.190800e+01 2.610933e+01 2
250 32 6.691438e+02 1.748587e+02 5.873577e+01 4.663229e+01 2
250 33 7.033736e+02 1.723678e+02 1.131965e+02 8.724031e+01 2
250 31 7.367082e+02 1.779314e+02 2.108324e+02 1.362275e+02 2
250 36 1 1.917931e+02 9.885761e+01 3.910670e+01 3
250 35 1.315637e+02 1.873647e+02 1.226256e+02 4.022013e+01 3
250 34 2.738168e+02 1.859576e+02 1.083691e+02 3.873839e+01 2
250 14 6.044711e+02 1.733287e+02 2.562960e+01 2.437943e+01 1
250 39 6.500257e+02 1.785727e+02 3.190800e+01 2.610933e+01 2
250 32 6.691438e+02 1.748587e+02 5.873577e+01 4.663229e+01 2
250 33 7.033736e+02 1.723678e+02 1.131965e+02 8.724031e+01 2
250 31 7.367082e+02 1.779314e+02 2.108324e+02 1.362275e+02 2
260 35 1 2.005726e+02 6.695778e+01 6.423192e+01 2
260 34 8.005883e+01 1.986553e+02 1.812669e+02 6.203015e+01 2
260 44 4.625297e+02 1.823001e+02 3.987787e+01 2.893492e+01 2
260 45 4.833173e+02 1.810457e+02 3.460731e+01 2.394552e+01 3
260 14 6.024664e+02 1.776579e+02 2.715641e+01 2.582852e+01 1
260 42 6.444823e+02 1.739226e+02 2.381306e+01 2.329470e+01 2
260 39 6.605395e+02 1.777910e+02 4.356167e+01 3.519472e+01 2
260 37 6.926814e+02 1.779383e+02 7.979815e+01 6.419469e+01 2
260 38 7.069351e+02 1.715319e+02 1.510572e+01 3.678765e+01 2
260 32 7.071676e+02 1.787073e+02 1.215741e+02 8.684886e+01 2
260 33 8.718735e+02 1.778808e+02 3.701265e+02 1.971192e+02 2
270 43 3.396819e+02 1.905211e+02 8.020430e+01 4.607975e+01 3
270 44 3.878072e+02 1.830472e+02 6.250927e+01 4.036724e+01 3
270 45 4.329225e+02 1.815287e+02 4.832437e+01 3.133301e+01 3
270 14 5.904586e+02 1.768223e+02 2.948244e+01 2.804970e+01 1
270 42 6.409192e+02 1.723540e+02 2.990416e+01 2.892427e+01 2
270 40 6.547336e+02 1.780994e+02 4.848667e+01 4.315098e+01 2
270 39 6.706435e+02 1.773669e+02 7.177922e+01 5.356660e+01 2
270 38 7.468821e+02 1.682876e+02 2.544457e+01 5.811074e+01 3
270 37 7.644583e+02 1.785933e+02 2.435417e+02 1.635455e+02 2
270 32 8.623919e+02 1.889602e+02 3.796081e+02 1.860398e+02 2
280 43 1.015581e+02 2.016683e+02 1.884708e+02 8.957508e+01 3
280 44 2.468458e+02 1.886858e+02 1.216464e+02 6.588718e+01 3
280 45 3.545654e+02 1.835449e+02 7.616462e+01 4.457229e+01 3
280 14 5.823395e+02 1.741740e+02 3.290963e+01 3.131084e+01 1
280 28 5.920255e+02 1.711029e+02 2.891285e+01 2.882107e+01 1
280 48 6.316914e+02 1.741666e+02 2.084811e+01 1.985363e+01 2
280 42 6.443403e+02 1.696444e+02 3.942915e+01 3.778403e+01 2
280 40 6.772856e+02 1.745110e+02 8.012233e+01 7.126060e+01 2
280 39 7.104075e+02 1.755948e+02 1.575195e+02 1.083441e+02 2
280 38 8.988235e+02 1.566716e+02 7.254388e+01 1.339573e+02 3
290 44 1 1.910372e+02 2.061795e+02 1.369863e+02 3
290 45 2.222892e+02 1.822209e+02 1.357377e+02 6.878673e+01 3
290 14 5.826828e+02 1.705292e+02 3.651382e+01 3.473799e+01 1
290 28 5.979955e+02 1.647202e+02 3.031886e+01 3.161792e+01 1
290 48 6.398616e+02 1.677899e+02 2.498345e+01 2.342339e+01 2
290 42 6.622657e+02 1.641558e+02 5.735562e+01 5.139638e+01 2
290 41 7.221604e+02 1.708050e+02 1.221067e+02 9.656897e+01 2
290 40 7.480333e+02 1.730889e+02 2.126924e+02 1.646427e+02 2
300 45 1 1.924674e+02 2.046152e+02 1.366439e+02 3
300 14 5.809046e+02 1.761366e+02 4.047193e+01 3.850999e+01 1
300 28 5.978527e+02 1.722799e+02 3.302412e+01 3.444086e+01 1
300 48 6.460719e+02 1.738046e+02 3.012687e+01 2.776657e+01 2
300 47 6.674170e+02 1.757542e+02 5.111137e+01 4.389628e+01 2
300 42 6.827123e+02 1.675826e+02 8.729010e+01 7.507260e+01 2
300 41 8.532400e+02 1.837637e+02 3.887600e+02 1.912363e+02 2
310 14 5.746163e+02 1.776205e+02 4.459789e+01 4.244029e+01 1
310 28 5.943109e+02 1.710216e+02 3.543316e+01 3.695617e+01 1
310 48 6.501169e+02 1.731728e+02 3.650265e+01 3.327316e+01 2
310 47 6.832531e+02 1.759621e+02 7.300315e+01 6.032473e+01 2
310 42 7.118003e+02 1.646483e+02 1.639568e+02 1.276427e+02 1
320 14 5.800400e+02 1.767420e+02 4.889261e+01 4.652633e+01 1
320 28 5.982110e+02 1.706044e+02 3.825249e+01 3.989393e+01 2
320 49 6.490211e+02 1.748579e+02 4.011132e+01 3.224887e+01 2
320 48 6.643160e+02 1.737602e+02 4.611252e+01 4.047328e+01 2
320 47 7.192474e+02 1.752264e+02 1.201639e+02 9.142183e+01 2
320 42 8.082181e+02 1.413766e+02 4.337819e+02 2.336234e+02 1
330 52 3.173983e+02 1.860342e+02 4.871935e+01 1.976950e+01 2
330 14 5.767323e+02 1.771459e+02 5.549906e+01 5.281723e+01 1
330 28 5.953584e+02 1.704732e+02 4.329087e+01 4.515029e+01 2
330 50 6.461563e+02 1.773005e+02 3.740705e+01 3.245674e+01 2
330 49 6.561521e+02 1.771651e+02 4.944215e+01 3.900503e+01 2
330 48 6.767279e+02 1.736842e+02 6.008665e+01 5.108132e+01 1
330 47 7.914207e+02 1.781877e+02 2.737787e+02 1.799029e+02 1
340 52 3.384438e+02 1.855853e+02 5.162552e+01 2.162203e+01 2
340 14 5.614675e+02 1.810054e+02 6.861932e+01 6.544237e+01 1
340 28 5.851568e+02 1.739758e+02 5.301253e+01 5.530060e+01 1
340 50 6.450634e+02 1.800336e+02 4.326252e+01 3.898122e+01 1
340 49 6.598832e+02 1.817883e+02 6.268666e+01 4.917038e+01 1
340 48 6.878714e+02 1.761787e+02 8.242251e+01 6.814952e+01 1
350 53 2.335137e+02 1.841458e+02 6.105052e+01 2.407497e+01 2
350 52 3.480445e+02 1.789327e+02 5.471778e+01 2.339865e+01 2
350 14 5.381925e+02 1.753374e+02 9.193944e+01 8.753780e+01 1
350 28 5.701325e+02 1.652540e+02 6.753213e+01 7.045437e+01 2
350 50 6.436575e+02 1.738475e+02 5.518966e+01 4.729184e+01 2
350 49 6.650683e+02 1.765895e+02 8.168210e+01 6.290382e+01 2
350 48 7.068921e+02 1.716769e+02 1.224204e+02 9.668648e+01 2
360 51 4.776593e+01 1.844725e+02 8.252806e+01 3.109492e+01 3
360 53 2.436202e+02 1.816002e+02 6.417475e+01 2.549196e+01 2
360 52 3.460177e+02 1.771133e+02 5.834100e+01 2.492180e+01 2
360 14 5.145711e+02 1.757711e+02 1.249071e+02 1.189751e+02 1
360 28 5.622613e+02 1.642947e+02 8.171285e+01 8.525724e+01 1
360 50 6.501355e+02 1.733154e+02 6.395776e+01 5.522044e+01 2
360 49 6.761052e+02 1.766967e+02 1.036058e+02 7.745433e+01 2
360 48 7.348226e+02 1.714056e+02 1.797052e+02 1.331798e+02 2
370 51 8.462319e+01 1.853902e+02 8.234406e+01 3.193657e+01 3
370 53 2.416186e+02 1.840862e+02 6.624587e+01 2.640611e+01 2
370 52 3.383243e+02 1.787921e+02 6.062590e+01 2.588510e+01 2
370 14 4.983216e+02 1.792591e+02 1.516025e+02 1.444575e+02 1
370 54 5.532366e+02 1.726910e+02 3.708734e+01 2.808261e+01 3
370 28 5.633457e+02 1.636803e+02 7.944525e+01 8.288931e+01 2
370 56 6.445725e+02 1.762791e+02 4.170234e+01 3.803630e+01 2
370 50 6.553110e+02 1.750427e+02 7.099975e+01 6.019893e+01 2
370 49 6.849435e+02 1.770701e+02 1.205613e+02 8.806764e+01 2
370 48 7.557855e+02 1.734680e+02 2.311020e+02 1.637011e+02 2
380 51 1.011953e+02 1.878565e+02 8.286812e+01 3.245422e+01 2
380 53 2.381180e+02 1.874159e+02 6.761041e+01 2.710361e+01 2
380 52 3.341215e+02 1.812793e+02 6.244303e+01 2.642985e+01 2
380 14 5.007147e+02 1.817897e+02 1.493350e+02 1.429265e+02 1
380 54 5.292914e+02 1.767530e+02 4.455278e+01 3.560605e+01 2
380 28 5.682932e+02 1.687556e+02 6.744932e+01 7.037337e+01 2
380 56 6.469511e+02 1.785837e+02 4.314968e+01 3.930541e+01 2
380 50 6.581838e+02 1.784045e+02 7.516411e+01 6.315228e+01 2
380 49 6.904895e+02 1.783595e+02 1.307685e+02 9.417650e+01 2
380 48 7.716036e+02 1.752880e+02 2.729611e+02 1.871132e+02 1
