300 45 1 1.924674e+02 2.046152e+02 1.366439e+02 3
300 14 5.809046e+02 1.761366e+02 4.047193e+01 3.850999e+01 1
300 28 5.978527e+02 1.722799e+02 3.302412e+01 3.444086e+01 1
300 48 6.460719e+02 1.738046e+02 3.012687e+01 2.776657e+01 2
300 47 6.674170e+02 1.757542e+02 5.111137e+01 4.389628e+01 2
300 42 6.827123e+02 1.675826e+02 8.729010e+01 7.507260e+01 2
300 41 8.532400e+02 1.837637e+02 3.887600e+02 1.912363e+02 2
310 14 5.746163e+02 1.776205e+02 4.459789e+01 4.244029e+01 1
310 28 5.943109e+02 1.710216e+02 3.543316e+01 3.695617e+01 1
310 48 6.501169e+02 1.731728e+02 3.650265e+01 3.327316e+01 2
310 47 6.832531e+02 1.759621e+02 7.300315e+01 6.032473e+01 2
310 42 7.118003e+02 1.646483e+02 1.639568e+02 1.276427e+02 1
320 14 5.800400e+02 1.767420e+02 4.889261e+01 4.652633e+01 1
320 28 5.982110e+02 1.706044e+02 3.825249e+01 3.989393e+01 2
320 49 6.490211e+02 1.748579e+02 4.011132e+01 3.224887e+01 2
320 48 6.643160e+02 1.737602e+02 4.611252e+01 4.047328e+01 2
320 47 7.192474e+02 1.752264e+02 1.201639e+02 9.142183e+01 2
320 42 8.082181e+02 1.413766e+02 4.337819e+02 2.336234e+02 1
330 52 3.173983e+02 1.860342e+02 4.871935e+01 1.976950e+01 2
330 14 5.767323e+02 1.771459e+02 5.549906e+01 5.281723e+01 1
330 28 5.953584e+02 1.704732e+02 4.329087e+01 4.515029e+01 2
330 50 6.461563e+02 1.773005e+02 3.740705e+01 3.245674e+01 2
330 49 6.561521e+02 1.771651e+02 4.944215e+01 3.900503e+01 2
330 48 6.767279e+02 1.736842e+02 6.008665e+01 5.108132e+01 1
330 47 7.914207e+02 1.781877e+02 2.737787e+02 1.799029e+02 1
340 52 3.384438e+02 1.855853e+02 5.162552e+01 2.162203e+01 2
340 14 5.614675e+02 1.810054e+02 6.861932e+01 6.544237e+01 1
340 28 5.851568e+02 1.739758e+02 5.301253e+01 5.530060e+01 1
340 50 6.450634e+02 1.800336e+02 4.326252e+01 3.898122e+01 1
340 49 6.598832e+02 1.817883e+02 6.268666e+01 4.917038e+01 1
340 48 6.878714e+02 1.761787e+02 8.242251e+01 6.814952e+01 1
350 53 2.335137e+02 1.841458e+02 6.105052e+01 2.407497e+01 2
350 52 3.480445e+02 1.789327e+02 5.471778e+01 2.339865e+01 2
350 14 5.381925e+02 1.753374e+02 9.193944e+01 8.753780e+01 1
350 28 5.701325e+02 1.652540e+02 6.753213e+01 7.045437e+01 2
350 50 6.436575e+02 1.738475e+02 5.518966e+01 4.729184e+01 2
350 49 6.650683e+02 1.765895e+02 8.168210e+01 6.290382e+01 2
350 48 7.068921e+02 1.716769e+02 1.224204e+02 9.668648e+01 2
360 51 4.776593e+01 1.844725e+02 8.252806e+01 3.109492e+01 3
360 53 2.436202e+02 1.816002e+02 6.417475e+01 2.549196e+01 2
360 52 3.460177e+02 1.771133e+02 5.834100e+01 2.492180e+01 2
360 14 5.145711e+02 1.757711e+02 1.249071e+02 1.189751e+02 1
360 28 5.622613e+02 1.642947e+02 8.171285e+01 8.525724e+01 1
360 50 6.501355e+02 1.733154e+02 6.395776e+01 5.522044e+01 2
360 49 6.761052e+02 1.766967e+02 1.036058e+02 7.745433e+01 2
360 48 7.348226e+02 1.714056e+02 1.797052e+02 1.331798e+02 2
370 51 8.462319e+01 1.853902e+02 8.234406e+01 3.193657e+01 3
370 53 2.416186e+02 1.840862e+02 6.624587e+01 2.640611e+01 2
370 52 3.383243e+02 1.787921e+02 6.062590e+01 2.588510e+01 2
370 14 4.983216e+02 1.792591e+02 1.516025e+02 1.444575e+02 1
370 54 5.532366e+02 1.726910e+02 3.708734e+01 2.808261e+01 3
370 28 5.633457e+02 1.636803e+02 7.944525e+01 8.288931e+01 2
370 56 6.445725e+02 1.762791e+02 4.170234e+01 3.803630e+01 2
370 50 6.553110e+02 1.750427e+02 7.099975e+01 6.019893e+01 2
370 49 6.849435e+02 1.770701e+02 1.205613e+02 8.806764e+01 2
370 48 7.557855e+02 1.734680e+02 2.311020e+02 1.637011e+02 2
380 51 1.011953e+02 1.878565e+02 8.286812e+01 3.245422e+01 2
380 53 2.381180e+02 1.874159e+02 6.761041e+01 2.710361e+01 2
380 52 3.341215e+02 1.812793e+02 6.244303e+01 2.642985e+01 2
380 14 5.007147e+02 1.817897e+02 1.493350e+02 1.429265e+02 1
380 54 5.292914e+02 1.767530e+02 4.455278e+01 3.560605e+01 2
380 28 5.682932e+02 1.687556e+02 6.744932e+01 7.037337e+01 2
380 56 6.469511e+02 1.785837e+02 4.314968e+01 3.930541e+01 2
380 50 6.581838e+02 1.784045e+02 7.516411e+01 6.315228e+01 2
380 49 6.904895e+02 1.783595e+02 1.307685e+02 9.417650e+01 2
380 48 7.716036e+02 1.752880e+02 2.729611e+02 1.871132e+02 1
