320 68 1.165665e+03 1.871486e+02 7.633452e+01 3.500599e+01 3
330 68 6.747400e+02 1.864510e+02 7.921345e+01 4.007684e+01 3
330 67 1.030316e+03 1.219592e+02 1.313478e+02 1.053223e+02 1
340 68 1 1.827792e+02 2.089190e+02 8.622746e+01 3
340 67 7.816101e+02 1.349896e+02 7.764845e+01 8.521902e+01 1
350 67 5.780710e+02 1.400670e+02 6.491157e+01 7.869473e+01 1
360 67 5.661558e+02 1.382985e+02 6.363381e+01 7.710832e+01 1
370 67 5.667458e+02 1.371779e+02 6.230476e+01 7.548135e+01 1
380 69 4.210590e+02 1.842878e+02 2.957026e+01 1.774506e+01 3
380 67 5.631557e+02 1.371157e+02 6.063311e+01 7.345850e+01 1
390 69 3.226504e+02 1.895832e+02 5.556830e+01 2.926031e+01 3
390 70 3.853157e+02 1.819261e+02 3.827160e+01 2.426007e+01 3
390 67 5.747305e+02 1.392864e+02 5.815675e+01 7.048163e+01 1
400 69 1 2.127876e+02 8.267546e+01 8.378098e+01 3
400 70 2.108236e+02 1.886106e+02 8.606716e+01 4.465459e+01 3
400 67 5.829200e+02 1.435777e+02 5.688052e+01 6.890134e+01 1
410 67 5.789109e+02 1.391659e+02 5.639372e+01 6.831031e+01 1
420 67 5.791341e+02 1.421966e+02 5.553307e+01 6.726939e+01 1
430 67 5.850134e+02 1.426268e+02 5.448291e+01 6.599601e+01 1
440 67 5.821677e+02 1.428270e+02 5.313735e+01 6.436800e+01 1
450 67 5.778244e+02 1.472837e+02 5.135263e+01 6.221119e+01 1
460 71 3.299409e+02 1.921477e+02 4.853775e+01 2.446589e+01 3
460 67 5.847456e+02 1.459827e+02 4.964684e+01 6.014028e+01 1
470 71 1 2.059129e+02 6.857265e+01 6.786844e+01 3
470 67 5.845203e+02 1.469797e+02 4.795781e+01 5.809506e+01 1
480 67 5.764708e+02 1.493727e+02 4.691118e+01 5.683179e+01 1
490 67 5.800657e+02 1.554167e+02 4.609082e+01 5.584229e+01 1
500 67 5.852086e+02 1.509692e+02 4.561523e+01 5.525765e+01 1
510 67 5.841584e+02 1.515435e+02 4.508627e+01 5.461817e+01 1
520 67 5.862215e+02 1.457027e+02 4.452975e+01 5.393803e+01 1
530 67 5.839956e+02 1.562016e+02 4.403440e+01 5.335291e+01 1
540 67 5.848853e+02 1.575605e+02 4.358663e+01 5.281327e+01 1
550 67 5.852425e+02 1.501862e+02 4.296066e+01 5.206445e+01 1
560 67 5.916997e+02 1.488787e+02 4.225524e+01 5.120595e+01 1
570 67 5.941774e+02 1.638079e+02 4.277403e+01 5.056512e+01 1
580 67 5.966550e+02 1.534324e+02 4.174842e+01 5.057849e+01 1
590 67 5.950527e+02 1.516868e+02 4.257031e+01 5.156324e+01 1
600 67 5.945983e+02 1.521616e+02 4.417661e+01 5.351766e+01 1
610 67 5.979785e+02 1.419036e+02 4.832558e+01 5.673040e+01 1
620 72 3.879412e+02 1.770103e+02 3.321350e+01 1.862329e+01 3
620 67 5.979217e+02 1.386001e+02 5.452340e+01 6.135618e+01 1
630 72 3.174055e+02 1.790331e+02 4.720100e+01 2.403786e+01 3
630 73 3.473137e+02 1.800788e+02 4.404521e+01 1.964054e+01 3
630 67 6.098828e+02 1.374118e+02 6.521875e+01 6.601296e+01 1
640 72 1.928999e+02 1.788889e+02 7.422459e+01 3.348703e+01 3
640 73 2.506966e+02 1.799224e+02 6.571186e+01 2.627199e+01 3
640 74 3.065583e+02 1.789536e+02 5.549404e+01 2.267848e+01 3
640 67 6.312975e+02 1.317067e+02 6.220292e+01 7.016733e+01 1
650 72 1 1.848472e+02 5.150580e+01 5.509832e+01 3
650 73 3.623463e+01 1.868148e+02 1.206212e+02 4.036754e+01 3
650 74 1.597571e+02 1.820198e+02 8.170826e+01 3.179527e+01 3
650 75 2.305707e+02 1.801166e+02 5.542502e+01 2.706059e+01 3
650 76 2.749970e+02 1.794487e+02 4.935213e+01 2.294650e+01 3
650 78 3.440676e+02 1.771330e+02 3.518929e+01 2.036181e+01 3
650 67 6.305003e+02 1.282138e+02 6.046352e+01 7.306256e+01 1
660 75 1 1.864154e+02 7.943503e+01 4.191296e+01 3
660 76 7.493693e+01 1.860822e+02 8.366243e+01 3.348708e+01 3
660 77 1.415886e+02 1.848329e+02 7.350948e+01 2.810404e+01 3
660 78 2.052246e+02 1.797448e+02 5.091531e+01 2.701815e+01 3
660 79 2.422197e+02 1.823597e+02 4.357368e+01 2.219644e+01 3
660 67 5.853211e+02 1.280744e+02 6.313985e+01 7.646539e+01 1
670 79 1.775422e+01 1.948743e+02 7.685325e+01 3.273582e+01 3
670 81 9.293547e+01 1.888771e+02 7.761496e+01 3.102590e+01 3
670 82 1.549418e+02 1.900495e+02 5.449409e+01 2.432741e+01 3
670 67 5.147786e+02 1.336195e+02 6.748892e+01 8.149680e+01 1
680 81 4.566531e+00 1.901337e+02 1.101046e+02 4.082454e+01 3
680 82 1.152833e+02 1.897833e+02 7.496782e+01 3.022446e+01 3
680 83 1.665653e+02 1.848642e+02 6.513504e+01 2.693741e+01 3
680 84 2.233907e+02 1.839292e+02 5.021501e+01 2.561290e+01 3
680 85 2.562763e+02 1.854446e+02 4.479177e+01 1.962001e+01 3
680 67 5.490325e+02 1.291986e+02 7.079540e+01 8.571936e+01 1
690 82 1 1.943584e+02 8.131675e+01 4.187187e+01 3
690 83 5.469435e+01 1.886828e+02 9.743455e+01 3.594052e+01 3
690 84 1.480526e+02 1.878652e+02 7.075846e+01 3.281563e+01 3
690 85 2.016936e+02 1.897252e+02 6.076957e+01 2.451285e+01 3
690 67 5.704737e+02 1.245942e+02 7.556547e+01 9.153318e+01 1
700 85 7.011394e+01 1.925970e+02 9.353733e+01 3.276223e+01 3
700 86 1.339184e+02 1.868509e+02 7.097192e+01 3.058493e+01 3
700 67 5.630437e+02 1.138039e+02 8.510200e+01 1.030851e+02 1
710 86 1 1.919384e+02 9.684973e+01 4.045422e+01 3
710 67 5.583791e+02 1.015868e+02 9.623927e+01 1.165734e+02 1
720 80 5.031592e+02 1.540683e+02 6.268625e+01 3.759797e+01 2
720 67 5.582671e+02 9.957392e+01 1.065615e+02 1.290730e+02 1
730 80 4.147171e+02 1.545771e+02 7.144156e+01 4.243810e+01 2
730 67 5.461475e+02 9.407423e+01 1.188173e+02 1.439071e+02 1
740 80 2.961389e+02 1.561289e+02 8.404282e+01 4.864260e+01 3
740 67 5.266488e+02 7.967163e+01 1.363077e+02 1.650435e+02 1
750 80 1.607446e+02 1.623233e+02 1.019922e+02 5.470983e+01 3
750 67 5.182319e+02 7.442104e+01 1.464694e+02 1.773414e+02 1
760 80 3.592670e+00 1.700565e+02 1.270684e+02 6.075951e+01 3
760 67 5.146655e+02 7.058777e+01 1.544624e+02 1.870369e+02 1
770 67 5.103718e+02 6.166132e+01 1.676720e+02 2.030585e+02 1
780 67 5.015229e+02 4.793004e+01 1.889034e+02 2.287945e+02 1
790 67 4.907873e+02 3.189335e+01 2.141720e+02 2.594171e+02 1
800 67 4.964181e+02 3.576185e+01 2.090779e+02 2.532429e+02 1
