300 40 1 1.968480e+02 1.362710e+02 1.150566e+02 3
300 41 1.149753e+02 1.781552e+02 1.514983e+02 8.056671e+01 3
300 60 1.887167e+02 1.831843e+02 1.087984e+02 4.199928e+01 3
300 39 2.630782e+02 1.820452e+02 1.408553e+02 7.622394e+01 3
300 44 3.156078e+02 1.802108e+02 8.965913e+01 4.317503e+01 3
300 45 4.432433e+02 1.811758e+02 6.041791e+01 2.655116e+01 3
300 42 4.712609e+02 1.799558e+02 6.051351e+01 3.241834e+01 3
300 43 5.800325e+02 1.717869e+02 2.933033e+01 2.226881e+01 3
300 1 5.932133e+02 1.781590e+02 6.626057e+01 6.270900e+01 1
300 58 6.581565e+02 1.740265e+02 2.511929e+01 1.761596e+01 2
300 31 7.066784e+02 1.768840e+02 1.311727e+02 5.911201e+01 2
300 30 7.888697e+02 1.743422e+02 1.728323e+02 1.033110e+02 2
310 41 1 1.757580e+02 7.891878e+01 1.462999e+02 3
310 60 2.750745e+01 1.873414e+02 1.765097e+02 6.001057e+01 3
310 42 2.036246e+02 1.871587e+02 1.953353e+02 8.588789e+01 3
310 44 2.110341e+02 1.835988e+02 1.352591e+02 5.984275e+01 3
310 45 4.146503e+02 1.821922e+02 7.324727e+01 3.287072e+01 3
310 43 5.321829e+02 1.712054e+02 4.543232e+01 3.348626e+01 1
310 1 6.082286e+02 1.761454e+02 6.839460e+01 6.443571e+01 1
310 53 6.583084e+02 1.717862e+02 4.469651e+01 2.544012e+01 2
310 58 6.970960e+02 1.713702e+02 2.333984e+01 1.689524e+01 2
310 31 7.836221e+02 1.743558e+02 2.080417e+02 1.061573e+02 1
320 44 3.171227e+01 1.867329e+02 2.433520e+02 9.695248e+01 3
320 45 3.953385e+02 1.832533e+02 1.043139e+02 4.298311e+01 3
320 43 4.347997e+02 1.715756e+02 9.947027e+01 6.851809e+01 2
320 1 6.698164e+02 1.713624e+02 7.044220e+01 6.570043e+01 1
320 53 7.728704e+02 1.668197e+02 6.808738e+01 2.737515e+01 2
330 45 3.693558e+02 1.813116e+02 1.415512e+02 5.955101e+01 3
330 1 7.574855e+02 1.652968e+02 7.535485e+01 6.552458e+01 2
330 53 9.795280e+02 1.571630e+02 9.706873e+01 3.317264e+01 2
340 45 2.161348e+02 1.886836e+02 2.404422e+02 9.977894e+01 3
340 1 8.150758e+02 1.737791e+02 7.223214e+01 6.232628e+01 1
350 45 1 1.940855e+02 2.833130e+02 1.809145e+02 3
350 1 8.072727e+02 1.759433e+02 6.356166e+01 5.335814e+01 1
360 1 7.617074e+02 1.709602e+02 5.055840e+01 4.383451e+01 1
370 1 7.425400e+02 1.730914e+02 4.267741e+01 3.571405e+01 1
