300 36 8.258413e+01 1.476195e+02 4.113068e+02 2.218234e+02 1
300 37 2.458827e+02 1.857223e+02 1.040843e+02 5.046321e+01 3
300 40 4.378331e+02 1.812411e+02 6.009285e+01 2.960271e+01 3
300 48 5.970190e+02 1.566913e+02 6.700150e+01 3.192815e+01 3
300 35 6.783707e+02 1.648748e+02 5.733593e+01 4.534163e+01 2
310 37 1 1.907032e+02 1.432259e+02 8.299108e+01 3
310 40 3.347214e+02 1.841396e+02 9.717522e+01 4.000485e+01 3
310 38 4.441114e+02 1.753104e+02 1.172330e+02 6.045266e+01 2
310 42 4.945406e+02 1.805130e+02 3.826666e+01 2.557728e+01 3
310 48 5.965591e+02 1.570544e+02 6.750978e+01 3.186553e+01 3
310 36 6.034038e+02 1.614829e+02 9.923350e+01 6.704589e+01 2
310 35 7.225953e+02 1.660972e+02 3.315009e+01 3.040890e+01 2
320 40 1.436396e+02 1.867732e+02 1.736334e+02 5.891484e+01 3
320 39 4.143130e+02 1.306605e+02 1.676952e+02 1.114385e+02 2
320 42 4.302542e+02 1.818148e+02 5.922620e+01 3.344107e+01 3
320 48 5.958281e+02 1.575683e+02 6.774990e+01 3.169887e+01 3
320 38 6.075314e+02 1.727309e+02 5.532607e+01 3.450716e+01 2
320 36 6.976922e+02 1.629530e+02 4.888102e+01 3.967520e+01 2
330 40 1 1.967430e+02 9.038393e+01 1.037197e+02 3
330 42 3.077441e+02 1.836390e+02 9.911630e+01 4.673454e+01 3
330 43 4.536694e+02 1.812071e+02 5.136963e+01 2.884676e+01 3
330 45 5.455501e+02 1.718203e+02 2.385331e+01 2.521140e+01 3
330 41 5.455729e+02 1.771953e+02 1.111342e+02 6.599549e+01 2
330 48 5.960144e+02 1.579124e+02 6.840266e+01 3.166093e+01 2
330 39 6.062095e+02 1.436770e+02 7.303151e+01 6.078550e+01 2
330 38 6.722437e+02 1.716507e+02 3.024981e+01 2.431818e+01 2
330 36 7.278049e+02 1.655276e+02 3.066080e+01 2.826295e+01 2
340 42 4.630901e+01 1.879146e+02 1.986162e+02 7.380114e+01 3
340 43 3.573072e+02 1.823723e+02 8.216252e+01 3.988544e+01 3
340 44 4.750617e+02 1.719204e+02 4.779691e+01 3.388259e+01 3
340 45 5.302804e+02 1.698294e+02 3.197741e+01 3.021493e+01 3
340 48 5.974788e+02 1.574943e+02 6.828819e+01 3.180865e+01 2
340 39 6.680325e+02 1.534583e+02 3.934598e+01 4.248125e+01 2
340 41 6.828930e+02 1.722901e+02 4.780359e+01 3.454472e+01 2
340 36 7.368496e+02 1.665908e+02 2.293969e+01 2.193828e+01 2
350 43 1.526990e+02 1.854505e+02 1.567680e+02 6.118998e+01 3
350 44 3.922658e+02 1.712351e+02 7.310334e+01 4.591458e+01 3
350 45 4.987007e+02 1.674977e+02 4.398495e+01 3.763234e+01 3
350 48 5.988594e+02 1.565560e+02 6.675618e+01 3.195051e+01 2
350 39 6.890036e+02 1.577404e+02 2.822714e+01 3.333471e+01 2
350 41 7.227599e+02 1.712132e+02 2.901053e+01 2.350678e+01 2
360 44 2.175177e+02 1.707914e+02 1.366016e+02 6.789255e+01 3
360 45 4.331402e+02 1.659729e+02 6.849030e+01 4.918022e+01 3
360 48 5.984956e+02 1.567249e+02 6.559626e+01 3.198331e+01 2
360 39 6.966122e+02 1.609252e+02 2.054850e+01 2.823415e+01 2
370 44 1 1.754200e+02 9.081465e+01 1.286447e+02 3
370 45 2.923563e+02 1.708055e+02 1.216970e+02 7.179516e+01 3
370 46 4.018237e+02 1.891230e+02 1.488114e+02 7.241057e+01 3
370 47 4.051066e+02 1.494649e+02 2.101088e+02 1.439946e+02 2
370 48 5.956154e+02 1.659625e+02 6.558631e+01 3.219542e+01 2
370 39 6.919799e+02 1.714151e+02 1.916447e+01 2.548807e+01 2
380 45 1 1.518774e+02 1.791327e+02 1.436532e+02 3
380 48 5.806028e+02 1.678902e+02 6.513530e+01 3.315538e+01 3
380 46 5.914896e+02 1.844918e+02 6.762759e+01 4.006208e+01 2
380 47 6.483869e+02 1.663981e+02 7.461012e+01 6.481766e+01 2
390 48 5.183952e+02 1.672280e+02 7.465576e+01 3.565977e+01 2
390 46 6.039928e+02 1.862495e+02 4.223742e+01 2.989006e+01 2
390 47 6.624361e+02 1.754021e+02 4.109860e+01 4.484973e+01 2
400 48 4.543025e+02 1.689325e+02 7.910420e+01 3.930933e+01 2
400 46 5.721694e+02 1.904878e+02 3.311223e+01 2.601425e+01 2
400 47 6.282277e+02 1.818133e+02 3.183212e+01 3.678697e+01 2
410 48 3.923227e+02 1.645804e+02 8.510289e+01 4.630420e+01 2
410 46 5.264160e+02 1.918281e+02 2.705020e+01 2.458256e+01 2
410 47 5.767682e+02 1.843480e+02 3.400761e+01 3.354047e+01 2
420 48 3.348684e+02 1.520809e+02 9.602806e+01 5.844802e+01 2
420 46 4.857800e+02 1.837728e+02 3.092303e+01 2.391786e+01 2
420 47 5.355297e+02 1.749383e+02 3.451644e+01 3.256875e+01 2
430 48 2.920393e+02 1.392611e+02 8.519619e+01 8.027375e+01 1
430 46 4.537020e+02 1.826849e+02 3.317605e+01 2.519102e+01 1
430 47 5.046977e+02 1.733596e+02 3.702146e+01 3.374443e+01 1
