300 52 3.750338e+02 1.677809e+02 6.786195e+01 1.121684e+02 2
300 53 4.620565e+02 1.638532e+02 3.870780e+01 8.520778e+01 2
300 55 5.235473e+02 1.734996e+02 2.473214e+01 4.663825e+01 2
300 54 5.387237e+02 1.769962e+02 2.516806e+01 4.402704e+01 2
300 51 8.975563e+02 1.521575e+02 9.347641e+01 2.228425e+02 2
310 53 1.991101e+02 1.384591e+02 1.567414e+02 2.365409e+02 2
310 55 4.981114e+02 1.745284e+02 2.914336e+01 6.089824e+01 2
310 54 5.160101e+02 1.780102e+02 2.979463e+01 5.745547e+01 2
310 57 6.353175e+02 1.695188e+02 1.922357e+01 4.483054e+01 2
310 58 6.542139e+02 1.689649e+02 2.050059e+01 4.538721e+01 2
310 56 8.775077e+02 1.682519e+02 4.773741e+01 8.356400e+01 3
320 55 4.549635e+02 1.725712e+02 3.236366e+01 8.636775e+01 2
320 54 4.795879e+02 1.772660e+02 3.892503e+01 8.121518e+01 2
320 57 6.656513e+02 1.657620e+02 2.892450e+01 6.102175e+01 2
320 58 6.935479e+02 1.656920e+02 3.119300e+01 6.234237e+01 2
320 56 1.134213e+03 1.528957e+02 1.077873e+02 1.672783e+02 3
330 61 3.352011e+02 1.684609e+02 4.480817e+01 8.747429e+01 2
330 55 3.571527e+02 1.689959e+02 5.668201e+01 1.412148e+02 2
330 54 4.047386e+02 1.785151e+02 5.463632e+01 1.320264e+02 2
330 57 7.200820e+02 1.602106e+02 4.693316e+01 9.278596e+01 2
330 58 7.585879e+02 1.571543e+02 4.995032e+01 9.509769e+01 2
330 59 8.733800e+02 1.784871e+02 3.197886e+01 5.905937e+01 3
