0 1 1.434415e+02 1.976397e+02 1.666841e+02 7.810240e+01 3
0 2 3.818122e+02 1.799767e+02 6.627149e+01 4.087122e+01 3
0 7 5.075399e+02 1.662071e+02 3.052656e+01 3.255072e+01 3
0 9 6.131033e+02 1.813868e+02 1.881564e+01 1.408899e+01 2
0 3 8.220924e+02 9.047750e+01 3.705899e+02 2.313921e+02 1
10 5 1.394471e+02 1.919310e+02 1.515232e+02 7.261773e+01 3
10 6 3.344206e+02 1.870400e+02 5.869642e+01 3.997855e+01 3
10 7 4.096587e+02 1.556334e+02 6.092442e+01 5.390177e+01 3
10 9 5.724954e+02 1.804766e+02 1.739237e+01 1.378148e+01 2
20 7 5.039370e+01 1.088879e+02 2.481722e+02 1.577442e+02 3
20 8 4.663863e+02 1.716162e+02 2.999528e+01 3.158854e+01 2
20 9 5.499748e+02 1.818366e+02 1.717023e+01 1.358373e+01 1
30 8 4.539393e+02 1.716381e+02 3.988539e+01 4.167929e+01 1
30 9 5.632348e+02 1.842931e+02 1.674397e+01 1.344487e+01 1
40 8 4.056841e+02 1.636962e+02 6.512714e+01 6.300579e+01 1
40 9 5.763556e+02 1.864875e+02 1.717487e+01 1.333313e+01 1
50 8 2.063811e+02 1.416533e+02 1.739285e+02 1.320936e+02 1
50 9 5.888557e+02 1.867889e+02 1.623627e+01 1.318132e+01 1
60 9 5.896623e+02 1.853103e+02 1.612940e+01 1.293436e+01 1
70 9 5.905465e+02 1.810241e+02 1.623088e+01 1.276609e+01 1
80 10 5.154927e+02 1.800945e+02 2.208775e+01 1.641497e+01 1
80 9 5.876087e+02 1.795339e+02 1.617800e+01 1.281703e+01 1
90 10 4.072629e+02 1.814975e+02 5.664116e+01 3.534717e+01 1
90 11 4.872560e+02 1.776141e+02 2.738213e+01 2.013001e+01 1
90 9 5.825060e+02 1.790014e+02 1.623300e+01 1.286262e+01 1
100 11 2.500393e+02 1.860790e+02 1.226894e+02 6.238888e+01 2
100 9 5.846135e+02 1.769587e+02 1.655496e+01 1.306041e+01 1
110 12 3.991873e+02 1.792188e+02 6.175730e+01 3.893780e+01 1
110 9 5.834777e+02 1.766348e+02 1.706101e+01 1.351743e+01 1
120 13 4.223564e+02 1.800329e+02 5.271454e+01 3.473140e+01 1
120 9 5.810548e+02 1.767127e+02 1.778146e+01 1.408769e+01 1
130 14 5.598581e+02 1.729797e+02 1.668072e+01 1.356098e+01 2
130 9 5.826329e+02 1.739034e+02 1.899314e+01 1.504631e+01 1
140 14 5.629167e+02 1.730257e+02 1.827975e+01 1.506627e+01 2
140 9 5.866970e+02 1.733543e+02 2.126757e+01 1.659846e+01 1
150 14 5.506199e+02 1.719998e+02 2.131407e+01 1.709767e+01 2
150 9 5.781537e+02 1.746351e+02 2.397182e+01 1.899271e+01 1
160 14 5.441983e+02 1.727985e+02 2.492088e+01 1.964186e+01 2
160 9 5.771368e+02 1.783569e+02 2.767525e+01 2.193517e+01 1
160 22 5.949477e+02 1.665338e+02 1.574317e+01 2.143088e+01 2
170 14 5.413906e+02 1.775747e+02 2.883666e+01 2.248981e+01 2
170 9 5.800325e+02 1.795987e+02 3.160965e+01 2.505981e+01 1
170 22 6.015913e+02 1.654807e+02 1.774134e+01 2.411774e+01 2
180 14 5.374347e+02 1.798064e+02 3.335787e+01 2.556309e+01 2
180 9 5.840966e+02 1.797218e+02 3.578880e+01 2.837094e+01 1
180 22 6.081260e+02 1.668937e+02 1.965528e+01 2.691909e+01 2
190 21 4.419988e+02 1.767574e+02 2.715335e+01 2.071827e+01 3
190 14 5.275173e+02 1.810572e+02 3.891271e+01 2.874296e+01 2
190 9 5.831840e+02 1.818508e+02 4.103351e+01 3.270880e+01 1
190 22 6.102191e+02 1.661115e+02 2.172293e+01 2.968550e+01 2
200 21 3.023919e+02 1.782206e+02 6.741725e+01 3.791702e+01 3
200 14 5.131042e+02 1.813218e+02 4.588649e+01 3.140064e+01 2
200 9 5.761758e+02 1.829947e+02 4.626910e+01 3.704768e+01 1
200 22 6.025235e+02 1.632380e+02 2.329720e+01 3.190918e+01 2
210 20 3.009538e+02 1.811945e+02 6.198107e+01 2.967473e+01 3
210 18 4.316962e+02 1.706452e+02 2.756270e+01 1.810005e+01 3
210 14 5.056846e+02 1.775439e+02 4.882995e+01 3.255742e+01 2
210 9 5.697294e+02 1.817525e+02 5.120015e+01 4.079771e+01 1
210 22 5.930227e+02 1.599874e+02 2.471621e+01 3.341146e+01 2
220 18 3.547643e+02 1.719032e+02 4.296690e+01 2.748114e+01 3
220 19 4.054462e+02 1.749053e+02 2.584408e+01 1.719737e+01 3
220 14 5.082631e+02 1.765575e+02 4.507393e+01 3.257173e+01 2
220 9 5.675021e+02 1.820556e+02 5.326908e+01 4.249752e+01 1
220 22 5.859331e+02 1.600215e+02 2.644820e+01 3.437869e+01 2
230 18 8.173958e+01 1.829859e+02 1.284438e+02 6.011599e+01 3
230 19 2.939208e+02 1.846396e+02 4.827949e+01 2.810606e+01 3
230 14 5.025043e+02 1.809264e+02 4.407662e+01 3.148730e+01 2
230 9 5.586386e+02 1.844086e+02 5.285126e+01 4.254494e+01 1
230 22 5.689501e+02 1.626722e+02 2.650385e+01 3.463662e+01 2
240 14 4.891779e+02 1.832465e+02 4.200072e+01 2.964333e+01 2
240 9 5.462851e+02 1.849032e+02 4.916386e+01 3.963645e+01 1
240 22 5.508512e+02 1.651130e+02 2.542191e+01 3.403689e+01 2
240 16 7.406851e+02 1.840473e+02 5.511151e+01 2.252639e+01 2
240 17 8.488527e+02 1.859647e+02 6.179932e+01 2.430806e+01 2
250 14 4.992045e+02 1.840517e+02 3.440702e+01 2.735457e+01 2
250 9 5.518035e+02 1.864887e+02 4.557052e+01 3.697727e+01 1
250 22 5.572075e+02 1.682433e+02 2.614699e+01 3.304204e+01 2
250 16 8.089247e+02 1.901734e+02 7.460379e+01 3.014474e+01 2
250 17 9.228058e+02 1.921113e+02 8.227828e+01 3.284613e+01 2
260 14 5.073517e+02 1.791475e+02 3.463412e+01 2.542760e+01 2
260 9 5.570832e+02 1.818522e+02 4.173747e+01 3.324432e+01 1
260 22 5.656475e+02 1.656434e+02 2.374623e+01 3.177329e+01 2
260 16 9.298279e+02 1.946433e+02 1.161434e+02 4.601230e+01 2
260 17 1.076126e+03 1.937853e+02 1.233437e+02 4.965524e+01 2
270 14 5.178592e+02 1.850729e+02 3.346633e+01 2.466241e+01 2
270 9 5.651029e+02 1.839443e+02 3.894823e+01 3.128921e+01 1
270 22 5.761935e+02 1.677341e+02 2.395816e+01 3.071449e+01 2
280 14 5.234314e+02 1.819047e+02 2.921841e+01 2.339617e+01 2
280 9 5.681343e+02 1.807201e+02 3.580041e+01 2.839148e+01 1
280 22 5.796865e+02 1.649562e+02 2.316958e+01 2.984897e+01 2
290 25 4.276384e+02 1.773405e+02 2.280298e+01 1.521166e+01 3
290 14 5.290974e+02 1.821740e+02 3.072790e+01 2.291417e+01 2
290 9 5.767811e+02 1.833549e+02 3.375770e+01 2.705399e+01 1
290 22 5.889827e+02 1.698376e+02 2.137287e+01 2.928327e+01 2
300 25 2.970479e+02 1.820203e+02 5.122815e+01 2.724598e+01 3
300 14 5.329008e+02 1.830233e+02 2.988124e+01 2.297363e+01 2
300 9 5.846188e+02 1.873051e+02 3.246141e+01 2.642034e+01 1
300 22 5.991330e+02 1.712882e+02 2.105004e+01 2.883529e+01 2
310 14 5.302977e+02 1.810729e+02 3.089364e+01 2.292457e+01 2
310 9 5.857030e+02 1.821888e+02 3.129045e+01 2.496708e+01 1
310 22 6.031924e+02 1.669360e+02 2.080466e+01 2.849493e+01 2
320 14 5.218844e+02 1.786055e+02 3.227427e+01 2.337154e+01 2
320 9 5.869715e+02 1.813949e+02 3.006515e+01 2.391458e+01 1
320 22 6.015148e+02 1.674516e+02 2.057174e+01 2.817894e+01 2
330 15 1 1.831548e+02 3.580228e+02 1.918452e+02 1
330 14 5.087505e+02 1.834003e+02 3.258807e+01 2.450285e+01 2
330 9 5.859385e+02 1.827190e+02 2.910193e+01 2.299581e+01 1
330 22 5.981045e+02 1.686089e+02 2.038042e+01 2.792027e+01 2
340 15 1.936319e+02 1.782423e+02 2.385668e+02 1.479465e+02 1
340 26 3.951651e+02 1.778815e+02 3.665686e+01 2.492665e+01 3
340 14 4.779912e+02 1.846273e+02 3.703567e+01 2.638663e+01 1
340 9 5.666088e+02 1.813676e+02 2.734584e+01 2.172919e+01 1
340 22 5.814146e+02 1.687853e+02 2.025812e+01 2.775297e+01 2
350 26 1 1.864630e+02 1.332989e+02 8.247943e+01 3
350 24 1.561508e+02 1.909226e+02 9.953871e+01 4.077856e+01 3
350 15 3.271629e+02 1.855266e+02 1.462688e+02 1.011691e+02 1
350 23 3.820273e+02 1.836861e+02 3.017770e+01 1.816211e+01 3
350 14 4.498083e+02 1.876491e+02 4.430086e+01 2.997811e+01 2
350 9 5.491980e+02 1.865824e+02 2.593008e+01 2.100267e+01 1
350 22 5.734899e+02 1.737034e+02 2.077920e+01 2.762445e+01 2
360 23 9.906611e+01 1.815760e+02 1.051285e+02 4.251119e+01 3
360 15 3.933527e+02 1.799939e+02 1.061286e+02 7.635771e+01 1
360 14 4.126880e+02 1.829302e+02 5.633539e+01 3.520590e+01 3
360 9 5.311408e+02 1.811621e+02 2.640454e+01 1.959153e+01 1
360 22 5.691317e+02 1.700552e+02 2.013643e+01 2.758083e+01 2
370 14 3.645016e+02 1.880418e+02 7.905515e+01 4.645134e+01 2
370 15 4.415177e+02 1.832765e+02 8.481642e+01 6.447956e+01 1
370 27 5.276416e+02 1.808428e+02 1.477259e+01 1.418620e+01 3
370 9 5.394147e+02 1.839628e+02 2.545651e+01 1.901116e+01 2
370 22 5.824673e+02 1.721266e+02 2.049666e+01 2.756468e+01 1
380 14 2.562962e+02 1.820456e+02 1.345450e+02 6.837676e+01 2
380 15 4.736267e+02 1.750187e+02 6.937672e+01 5.461272e+01 1
380 27 5.214310e+02 1.713559e+02 1.877935e+01 1.793421e+01 3
380 9 5.495768e+02 1.744880e+02 2.513775e+01 1.809171e+01 2
380 22 5.918052e+02 1.635956e+02 2.176393e+01 2.748967e+01 2
