0 1 2.967998e+02 1.617727e+02 1.585305e+02 1.306532e+02 3
0 2 7.379246e+02 1.615779e+02 1.943403e+02 2.134221e+02 3
0 3 1.086699e+03 1.666064e+02 1.346273e+02 1.573552e+02 3
10 1 2.834926e+02 1.580856e+02 1.443744e+02 1.132054e+02 1
10 4 4.127367e+02 1.700727e+02 8.613915e+01 4.343489e+01 1
10 2 7.610827e+02 1.564081e+02 2.077820e+02 2.185919e+02 1
20 1 2.822565e+02 1.784416e+02 1.275291e+02 1.029240e+02 2
20 4 4.849878e+02 1.801388e+02 9.162231e+01 4.708889e+01 2
20 2 7.187952e+02 1.774817e+02 1.922712e+02 1.975183e+02 2
20 1 2.822565e+02 1.784416e+02 1.275291e+02 1.029240e+02 1
20 4 4.849878e+02 1.801388e+02 9.162231e+01 4.708889e+01 1
20 2 7.187952e+02 1.774817e+02 1.922712e+02 1.975183e+02 1
30 1 3.385474e+02 1.598116e+02 8.718040e+01 9.231977e+01 1
30 4 5.680459e+02 1.586515e+02 9.945179e+01 5.103462e+01 1
30 2 6.347506e+02 1.636885e+02 1.608732e+02 1.880185e+02 1
40 1 4.335024e+02 1.593680e+02 1.108666e+02 8.514390e+01 2
40 2 5.714937e+02 1.642179e+02 1.238373e+02 1.761703e+02 2
40 4 6.767203e+02 1.581101e+02 1.153018e+02 5.930285e+01 2
50 2 6.059835e+02 1.641373e+02 1.154468e+02 1.812654e+02 3
50 1 6.227284e+02 1.557778e+02 1.198106e+02 8.596668e+01 3
50 4 8.441982e+02 1.509344e+02 1.461609e+02 7.411069e+01 3
60 2 7.540514e+02 1.572304e+02 8.988108e+01 1.818441e+02 1
60 1 8.452904e+02 1.507548e+02 1.471047e+02 9.032061e+01 2
60 4 1.042097e+03 1.408288e+02 1.999033e+02 1.012777e+02 3
