0 1 2.967998e+02 1.617727e+02 1.585305e+02 1.306532e+02 1
0 2 7.379246e+02 1.615779e+02 1.943403e+02 2.134221e+02 1
0 3 1.086699e+03 1.666064e+02 1.346273e+02 1.573552e+02 3
10 1 2.834926e+02 1.580856e+02 1.443744e+02 1.132054e+02 1
10 4 4.127367e+02 1.700727e+02 8.613915e+01 4.343489e+01 3
10 2 7.610827e+02 1.564081e+02 2.077820e+02 2.185919e+02 1
20 1 2.822565e+02 1.784416e+02 1.275291e+02 1.029240e+02 1
20 4 4.849878e+02 1.801388e+02 9.162231e+01 4.708889e+01 2
20 2 7.187952e+02 1.774817e+02 1.922712e+02 1.975183e+02 1
30 1 3.385474e+02 1.598116e+02 8.718040e+01 9.231977e+01 1
30 4 5.680459e+02 1.586515e+02 9.945179e+01 5.103462e+01 2
30 2 6.347506e+02 1.636885e+02 1.608732e+02 1.880185e+02 1
40 1 4.335024e+02 1.593680e+02 1.108666e+02 8.514390e+01 1
40 2 5.714937e+02 1.642179e+02 1.238373e+02 1.761703e+02 1
40 4 6.767203e+02 1.581101e+02 1.153018e+02 5.930285e+01 1
50 2 6.059835e+02 1.641373e+02 1.154468e+02 1.812654e+02 1
50 1 6.227284e+02 1.557778e+02 1.198106e+02 8.596668e+01 1
50 4 8.441982e+02 1.509344e+02 1.461609e+02 7.411069e+01 1
60 2 7.540514e+02 1.572304e+02 8.988108e+01 1.818441e+02 1
60 1 8.452904e+02 1.507548e+02 1.471047e+02 9.032061e+01 1
60 4 1.042097e+03 1.408288e+02 1.999033e+02 1.012777e+02 1
70 2 9.193648e+02 1.594272e+02 1.002768e+02 1.776852e+02 1
70 1 1.040276e+03 1.542573e+02 1.760863e+02 9.205226e+01 1
70 4 1.151497e+03 1.324048e+02 9.050319e+01 1.356128e+02 1
80 2 9.660675e+02 1.669659e+02 8.537487e+01 1.572708e+02 1
80 1 1.103771e+03 1.642735e+02 1.382295e+02 8.262005e+01 1
80 4 1.125999e+03 1.389995e+02 1.160008e+02 1.684647e+02 1
90 2 9.014533e+02 1.705716e+02 6.886350e+01 1.309977e+02 1
90 1 1.022704e+03 1.669850e+02 8.589568e+01 6.538644e+01 1
90 4 1.053449e+03 1.207262e+02 1.885510e+02 2.206016e+02 1
100 2 8.352179e+02 1.733979e+02 6.582437e+01 1.142968e+02 1
100 1 8.788121e+02 1.733173e+02 5.157730e+01 5.224620e+01 1
100 4 9.734742e+02 8.804032e+01 2.685258e+02 2.869597e+02 2
110 1 7.147088e+02 1.718702e+02 4.914596e+01 4.516730e+01 2
110 2 7.981496e+02 1.752125e+02 6.301770e+01 1.073435e+02 1
110 6 8.634994e+02 1.865562e+02 1.085659e+02 5.824787e+01 3
120 5 1 1.742830e+02 9.239315e+01 2.007170e+02 2
120 1 5.647115e+02 1.723912e+02 4.191508e+01 4.184689e+01 3
120 10 6.576174e+02 1.819455e+02 6.355540e+01 4.444493e+01 2
120 7 7.009644e+02 1.867431e+02 9.405668e+01 5.694515e+01 2
120 2 7.154044e+02 1.766095e+02 5.916404e+01 1.017433e+02 1
120 6 7.729833e+02 1.875297e+02 1.184295e+02 7.649417e+01 3
130 8 2.101077e+02 1.906733e+02 1.205619e+02 7.696067e+01 3
130 9 2.702886e+02 1.864377e+02 8.186412e+01 6.610311e+01 3
130 12 3.048245e+02 1.902172e+02 5.112699e+01 4.355952e+01 3
130 1 4.316942e+02 1.729023e+02 3.802625e+01 4.029602e+01 2
130 15 5.003099e+02 1.859781e+02 4.550222e+01 3.326592e+01 3
130 11 5.162338e+02 1.829996e+02 6.917454e+01 4.438618e+01 3
130 10 5.427208e+02 1.808456e+02 7.957167e+01 5.705690e+01 3
130 2 5.444035e+02 1.746660e+02 6.160887e+01 1.000816e+02 1
130 7 6.038629e+02 1.861324e+02 1.304500e+02 8.002406e+01 3
130 6 7.139388e+02 1.825119e+02 1.488554e+02 1.169354e+02 3
140 8 4.409549e+01 1.969782e+02 2.373497e+02 1.255763e+02 3
140 9 2.016198e+02 1.811989e+02 1.336250e+02 9.046686e+01 3
140 12 2.825454e+02 1.919416e+02 7.609137e+01 5.610766e+01 3
140 14 3.162742e+02 1.870583e+02 5.684332e+01 4.200413e+01 3
140 1 4.626294e+02 1.684864e+02 3.506817e+01 3.794314e+01 2
140 2 5.156159e+02 1.685136e+02 5.406895e+01 1.001921e+02 1
140 15 5.363256e+02 1.807262e+02 5.523423e+01 4.074671e+01 3
140 11 5.519545e+02 1.758149e+02 8.501156e+01 5.819101e+01 3
140 10 5.875097e+02 1.708030e+02 1.096878e+02 8.098619e+01 3
140 7 6.598870e+02 1.803137e+02 2.428678e+02 1.470433e+02 3
140 13 7.363829e+02 1.599796e+02 4.812513e+01 7.459852e+01 3
140 6 9.662600e+02 1.716766e+02 2.757400e+02 2.033234e+02 3
150 8 1 2.020756e+02 1.758788e+02 1.729244e+02 3
150 9 8.418039e+01 1.764577e+02 2.591187e+02 1.489966e+02 3
150 12 2.722169e+02 1.891051e+02 1.238393e+02 7.832596e+01 3
150 14 3.472867e+02 1.846024e+02 7.951279e+01 5.346238e+01 3
150 1 5.517645e+02 1.642973e+02 3.261219e+01 3.568190e+01 2
150 2 5.652094e+02 1.662879e+02 5.116041e+01 1.008900e+02 1
150 15 6.259303e+02 1.781441e+02 7.512488e+01 5.514699e+01 3
150 11 6.516746e+02 1.736598e+02 1.316819e+02 8.855719e+01 3
150 10 7.098321e+02 1.672609e+02 2.239839e+02 1.542484e+02 3
150 13 1.009387e+03 1.501304e+02 1.158370e+02 1.472430e+02 3
