0 1 3.319372e+02 1.845862e+02 1.042350e+02 8.173613e+01 2
0 3 5.512155e+02 1.766484e+02 1.466042e+01 1.216617e+01 2
0 2 8.006733e+02 1.410628e+02 7.989440e+01 1.517782e+02 2
10 3 5.192996e+02 1.785027e+02 2.734932e+01 2.066768e+01 2
20 3 4.041679e+02 1.823378e+02 7.873744e+01 4.746403e+01 2
30 4 7.857266e+02 1.631039e+02 2.692023e+01 4.868049e+01 3
40 6 7.093071e+02 1.750545e+02 2.946177e+01 2.877992e+01 3
40 4 9.028742e+02 1.566387e+02 4.468067e+01 7.170689e+01 3
50 5 1.052793e+02 1.816184e+02 1.477451e+02 5.686038e+01 3
50 6 7.618250e+02 1.720570e+02 5.388974e+01 4.347460e+01 3
50 4 1.169721e+03 1.404745e+02 7.227892e+01 1.305537e+02 3
60 11 1 1.783544e+02 1.325022e+02 6.029050e+01 3
60 12 1 1.858955e+02 5.033328e+01 6.779346e+01 3
60 13 6.092073e+01 1.625039e+02 1.579266e+02 6.194501e+01 3
60 14 1.234778e+02 1.655928e+02 1.352612e+02 5.345666e+01 3
60 16 5.029372e+02 1.626036e+02 6.350971e+01 3.539821e+01 3
60 6 8.487280e+02 1.736880e+02 1.285607e+02 8.105831e+01 3
60 7 9.486290e+02 1.790327e+02 1.643208e+02 7.170731e+01 3
70 15 1 1.721606e+02 5.548819e+01 5.985925e+01 2
70 16 3.990564e+02 1.560728e+02 8.194140e+01 4.514665e+01 3
70 10 9.475008e+02 1.302488e+02 2.944992e+02 1.697874e+02 3
70 8 1.115058e+03 1.435980e+02 9.764520e+01 1.842959e+02 3
70 6 1.136487e+03 1.552409e+02 1.055132e+02 2.197591e+02 3
70 9 1.170946e+03 1.527111e+02 7.105354e+01 1.668436e+02 3
80 16 2.412069e+02 1.490799e+02 1.166864e+02 6.206195e+01 2
90 16 1.997005e+01 1.441175e+02 1.854668e+02 9.404244e+01 2
100 17 1.551993e+02 1.505684e+02 1.698663e+02 6.875751e+01 3
110 17 1 1.412039e+02 2.455884e+02 1.027014e+02 3
110 21 3.954558e+02 1.746727e+02 6.237883e+01 2.327348e+01 3
120 21 4.482756e+02 1.816533e+02 6.860560e+01 2.675396e+01 3
120 49 5.882235e+02 1.808944e+02 5.064305e+01 2.217143e+01 3
130 18 2.555545e+02 1.770652e+02 1.067455e+02 3.471455e+01 2
130 21 4.582733e+02 1.726509e+02 7.409196e+01 2.960334e+01 2
130 19 5.708695e+02 1.682699e+02 5.655071e+01 2.700846e+01 2
130 49 5.967371e+02 1.753629e+02 5.210093e+01 2.373673e+01 2
130 20 8.517478e+02 1.680857e+02 1.901084e+01 5.446672e+01 2
140 18 2.073375e+02 1.813782e+02 1.302440e+02 4.315957e+01 2
140 19 3.323873e+02 1.668383e+02 9.825327e+01 4.101340e+01 3
140 21 4.365506e+02 1.758104e+02 8.059340e+01 3.364377e+01 2
140 22 5.413692e+02 1.764721e+02 4.030380e+01 2.148014e+01 3
140 49 5.735898e+02 1.756591e+02 5.357670e+01 2.572097e+01 2
140 23 6.285891e+02 1.721034e+02 3.116220e+01 1.971305e+01 3
140 20 8.846147e+02 1.634736e+02 3.263249e+01 8.182264e+01 2
140 18 2.073375e+02 1.813782e+02 1.302440e+02 4.315957e+01 2
140 19 3.323873e+02 1.668383e+02 9.825327e+01 4.101340e+01 3
140 21 4.365506e+02 1.758104e+02 8.059340e+01 3.364377e+01 2
140 22 5.413692e+02 1.764721e+02 4.030380e+01 2.148014e+01 3
140 49 5.735898e+02 1.756591e+02 5.357670e+01 2.572097e+01 3
140 23 6.285891e+02 1.721034e+02 3.116220e+01 1.971305e+01 3
140 20 8.846147e+02 1.634736e+02 3.263249e+01 8.182264e+01 2
150 19 1 1.650868e+02 1.753728e+01 8.987855e+01 3
150 18 2.041780e+02 1.876683e+02 1.476827e+02 5.172619e+01 2
150 22 3.209625e+02 1.824112e+02 9.030411e+01 3.522760e+01 3
150 21 4.368249e+02 1.796508e+02 8.694046e+01 3.852634e+01 2
150 23 5.076021e+02 1.757716e+02 5.043859e+01 2.747976e+01 3
150 49 5.741418e+02 1.797019e+02 5.376825e+01 2.771430e+01 3
150 24 5.925036e+02 1.736935e+02 2.928339e+01 2.266735e+01 3
150 50 7.198852e+02 1.775230e+02 2.525472e+01 1.626406e+01 3
150 20 1.098790e+03 1.426188e+02 8.693689e+01 1.703644e+02 2
160 18 2.172349e+02 1.861739e+02 1.605461e+02 5.914233e+01 2
160 23 2.921664e+02 1.734984e+02 1.051260e+02 4.527374e+01 3
160 21 4.614463e+02 1.758358e+02 8.680412e+01 4.094355e+01 3
160 24 4.936611e+02 1.676244e+02 5.177663e+01 3.150308e+01 3
160 49 5.820403e+02 1.724180e+02 5.200892e+01 2.873415e+01 3
160 50 6.945069e+02 1.698320e+02 2.505385e+01 1.720847e+01 3
170 18 2.808339e+02 1.888378e+02 1.540330e+02 6.121241e+01 2
170 24 3.396822e+02 1.711784e+02 9.432623e+01 4.801319e+01 3
170 27 4.988247e+02 1.770962e+02 3.604054e+01 2.622754e+01 3
170 21 5.156180e+02 1.743396e+02 7.961126e+01 3.992596e+01 2
170 49 6.048418e+02 1.723604e+02 4.732791e+01 2.854817e+01 2
170 50 6.854385e+02 1.700072e+02 2.298582e+01 1.778747e+01 3
180 24 1 1.733655e+02 2.225844e+02 8.840960e+01 2
180 25 1 1.154605e+02 3.794660e+02 2.595395e+02 1
180 18 4.025591e+02 1.876340e+02 1.207990e+02 5.413917e+01 2
180 27 4.173572e+02 1.808826e+02 6.316677e+01 3.608103e+01 2
180 28 5.482874e+02 1.714662e+02 2.952307e+01 2.710283e+01 3
180 21 6.104991e+02 1.758896e+02 6.503206e+01 3.534839e+01 2
180 49 6.402557e+02 1.729137e+02 4.395790e+01 2.656120e+01 2
180 50 6.945312e+02 1.731226e+02 2.067509e+01 1.764423e+01 3
190 27 2.529599e+02 1.837600e+02 1.145400e+02 5.467363e+01 3
190 29 4.734147e+02 1.845053e+02 3.965231e+01 2.683841e+01 3
190 28 5.141979e+02 1.697252e+02 4.185695e+01 3.356415e+01 3
190 18 5.154132e+02 1.815680e+02 8.378696e+01 4.236152e+01 1
190 25 5.157286e+02 1.505280e+02 1.452432e+02 9.437599e+01 1
190 49 6.632372e+02 1.750579e+02 3.702580e+01 2.441560e+01 2
190 21 6.883801e+02 1.749656e+02 4.346786e+01 2.792070e+01 2
200 26 1 1.980016e+02 2.820393e+02 1.494421e+02 2
200 27 1 1.849584e+02 1.004879e+02 1.018212e+02 2
200 29 3.875329e+02 1.816383e+02 6.445872e+01 3.533215e+01 3
200 28 4.626962e+02 1.644977e+02 5.989848e+01 4.263314e+01 3
200 30 5.364122e+02 1.482808e+02 4.148421e+01 4.730856e+01 3
200 18 5.951298e+02 1.745771e+02 5.916553e+01 3.259821e+01 2
200 25 6.609648e+02 1.516456e+02 6.946884e+01 5.501861e+01 2
200 49 6.766719e+02 1.708437e+02 3.136518e+01 2.255896e+01 2
210 29 2.247769e+02 1.884171e+02 1.112089e+02 5.168806e+01 3
210 26 3.087123e+02 1.841982e+02 1.834967e+02 7.485809e+01 2
210 28 3.891353e+02 1.608515e+02 8.735127e+01 5.440646e+01 3
210 30 5.150226e+02 1.436885e+02 5.746893e+01 5.609978e+01 3
210 18 6.450981e+02 1.736511e+02 4.388266e+01 2.593337e+01 3
210 49 6.875591e+02 1.713917e+02 2.580955e+01 2.032837e+01 3
210 25 7.109985e+02 1.572429e+02 4.047341e+01 3.770347e+01 2
220 29 1 1.970259e+02 6.450947e+01 9.234797e+01 3
220 28 2.640682e+02 1.576707e+02 1.397710e+02 7.393167e+01 3
220 30 4.796485e+02 1.403456e+02 8.290768e+01 6.623249e+01 2
220 26 4.890790e+02 1.802397e+02 1.035179e+02 4.817100e+01 2
220 18 6.741129e+02 1.739712e+02 3.294482e+01 2.124535e+01 2
220 25 7.335466e+02 1.617183e+02 2.837488e+01 2.829923e+01 2
230 28 1 1.521931e+02 2.633318e+02 1.136100e+02 1
230 31 1 1.991362e+02 3.877518e+02 1.758638e+02 3
230 30 4.191410e+02 1.308232e+02 1.256586e+02 8.462073e+01 3
230 48 5.722773e+02 1.592257e+02 6.095471e+01 2.881519e+01 2
230 26 5.793050e+02 1.771131e+02 6.813550e+01 3.498045e+01 2
230 18 6.916799e+02 1.734259e+02 2.346847e+01 1.802327e+01 2
230 25 7.352027e+02 1.643988e+02 2.321698e+01 2.257981e+01 2
240 30 3.094708e+02 1.149048e+02 2.062102e+02 1.139411e+02 3
240 34 5.176788e+02 1.809020e+02 2.804030e+01 1.984118e+01 3
240 48 5.793224e+02 1.590436e+02 6.273837e+01 2.919232e+01 3
240 31 5.880009e+02 1.758417e+02 9.592153e+01 5.406964e+01 2
240 26 6.320770e+02 1.758720e+02 4.632502e+01 2.730995e+01 2
240 18 6.949798e+02 1.730313e+02 2.045777e+01 1.650789e+01 2
240 25 7.236326e+02 1.655831e+02 2.300560e+01 1.952941e+01 2
250 33 1 1.861459e+02 1.544348e+02 1.888541e+02 1
250 30 9.407910e+01 8.772863e+01 3.730537e+02 1.693009e+02 3
250 32 1.009484e+02 1.885930e+02 3.682931e+02 1.864070e+02 1
250 34 4.911545e+02 1.820778e+02 3.353277e+01 2.389479e+01 3
250 48 5.883917e+02 1.585693e+02 6.090209e+01 2.998131e+01 3
250 26 6.639296e+02 1.747588e+02 3.197139e+01 2.236929e+01 3
250 31 6.904852e+02 1.720655e+02 4.648523e+01 3.177277e+01 2
260 30 1 7.872805e+00 3.714903e+02 3.243558e+02 3
260 34 4.443657e+02 1.825574e+02 4.585494e+01 2.910977e+01 3
260 33 4.678876e+02 1.771408e+02 1.134206e+02 5.802615e+01 2
260 37 5.288552e+02 1.805677e+02 2.474126e+01 1.953218e+01 2
260 48 5.930734e+02 1.578685e+02 6.096861e+01 3.065911e+01 3
260 32 6.339991e+02 1.726161e+02 7.523444e+01 4.922604e+01 2
260 26 6.845155e+02 1.734295e+02 2.647810e+01 1.860418e+01 2
270 34 3.719678e+02 1.835921e+02 6.543804e+01 3.690666e+01 3
270 37 4.998127e+02 1.804230e+02 3.395439e+01 2.335348e+01 3
270 48 5.952452e+02 1.571401e+02 6.304555e+01 3.117584e+01 3
270 33 6.158077e+02 1.723724e+02 5.425524e+01 3.361494e+01 2
270 26 6.942279e+02 1.732058e+02 1.892190e+01 1.582474e+01 3
270 32 7.124486e+02 1.705044e+02 3.644327e+01 2.881517e+01 2
280 34 2.355335e+02 1.866498e+02 1.047671e+02 5.096972e+01 3
280 37 4.525350e+02 1.815668e+02 4.621508e+01 2.868442e+01 3
280 48 5.966517e+02 1.566911e+02 6.476938e+01 3.156581e+01 3
280 33 6.694832e+02 1.719385e+02 3.407448e+01 2.395457e+01 2
280 32 7.346319e+02 1.706537e+02 2.282549e+01 2.051556e+01 2
290 34 1 1.941548e+02 1.183016e+02 8.430817e+01 3
290 37 3.817539e+02 1.822576e+02 6.536112e+01 3.642556e+01 3
290 40 4.950931e+02 1.807361e+02 4.192824e+01 2.298809e+01 3
290 35 5.224297e+02 1.656193e+02 1.354046e+02 9.104534e+01 2
290 48 5.968338e+02 1.566912e+02 6.588056e+01 3.174600e+01 2
290 33 6.891144e+02 1.713843e+02 2.185901e+01 1.871513e+01 2
290 32 7.343217e+02 1.711791e+02 1.787124e+01 1.601600e+01 2
300 38 1 1.930691e+02 7.891613e+01 1.819309e+02 2
300 36 8.258413e+01 1.476195e+02 4.113068e+02 2.218234e+02 1
300 37 2.458827e+02 1.857223e+02 1.040843e+02 5.046321e+01 1
300 40 4.378331e+02 1.812411e+02 6.009285e+01 2.960271e+01 3
300 48 5.970190e+02 1.566913e+02 6.700150e+01 3.192815e+01 3
300 35 6.783707e+02 1.648748e+02 5.733593e+01 4.534163e+01 2
