0 1 3.607785e+02 1.819096e+02 1.026651e+02 8.845620e+01 3
0 2 5.887640e+02 1.724474e+02 7.692813e+01 2.821106e+01 2
10 1 1.145533e+02 1.905029e+02 2.620604e+02 1.819250e+02 3
10 9 4.412130e+02 1.815867e+02 3.450095e+01 2.505111e+01 3
10 2 5.935374e+02 1.716937e+02 9.051374e+01 3.310820e+01 2
10 12 7.256713e+02 1.625439e+02 2.859598e+01 1.951635e+01 3
20 9 4.951221e+02 1.806445e+02 3.779673e+01 2.901536e+01 3
20 2 6.713402e+02 1.669243e+02 1.128087e+02 4.089209e+01 2
20 12 8.206656e+02 1.586437e+02 3.534994e+01 2.242773e+01 3
20 6 9.103926e+02 1.571285e+02 7.728181e+01 2.465989e+01 3
20 3 1.007079e+03 1.505709e+02 1.119164e+02 3.294082e+01 3
20 4 1.060078e+03 1.493356e+02 1.204829e+02 3.815847e+01 3
30 9 5.039734e+02 1.747081e+02 4.374142e+01 3.516952e+01 3
30 10 5.781622e+02 1.706321e+02 2.940129e+01 2.318464e+01 1
30 17 6.634406e+02 1.676823e+02 3.146265e+01 2.162781e+01 3
30 2 7.192827e+02 1.537195e+02 1.494021e+02 5.299929e+01 2
30 11 7.608092e+02 1.516286e+02 8.669982e+01 3.323565e+01 3
30 12 8.800163e+02 1.502323e+02 4.245495e+01 2.612856e+01 3
30 14 9.118246e+02 1.514097e+02 4.795634e+01 2.397966e+01 3
30 7 9.792241e+02 1.486182e+02 9.399802e+01 2.818859e+01 3
30 6 1.002630e+03 1.467564e+02 9.710965e+01 2.989806e+01 3
30 3 1.139147e+03 1.379805e+02 1.028532e+02 4.218287e+01 3
30 4 1.225039e+03 1.318519e+02 1.696095e+01 5.047088e+01 3
40 9 4.512122e+02 1.829301e+02 5.673479e+01 4.466671e+01 3
40 16 4.747510e+02 1.840573e+02 4.984175e+01 3.541377e+01 3
40 10 5.378875e+02 1.770232e+02 4.193770e+01 3.271347e+01 1
40 21 6.051141e+02 1.789403e+02 2.578462e+01 2.064821e+01 3
40 17 6.488356e+02 1.741776e+02 3.596711e+01 2.485782e+01 3
40 2 7.349080e+02 1.598978e+02 2.057568e+02 7.280290e+01 2
40 11 7.644140e+02 1.590147e+02 1.024732e+02 3.899646e+01 3
40 12 8.914639e+02 1.510547e+02 5.106880e+01 2.936983e+01 3
40 14 9.254498e+02 1.546576e+02 5.576547e+01 2.671306e+01 3
40 13 9.882641e+02 1.451933e+02 5.735498e+01 3.448362e+01 3
40 8 9.950617e+02 1.501703e+02 1.114277e+02 3.307095e+01 3
40 7 1.020332e+03 1.488142e+02 1.123428e+02 3.309342e+01 3
40 6 1.049899e+03 1.469140e+02 1.170927e+02 3.535422e+01 3
50 9 3.875475e+02 1.830412e+02 8.143763e+01 5.950703e+01 3
50 16 4.267155e+02 1.839360e+02 6.881132e+01 4.477512e+01 3
50 10 4.850433e+02 1.786884e+02 7.004224e+01 5.341276e+01 1
50 21 5.925947e+02 1.792414e+02 2.915917e+01 2.334277e+01 3
50 17 6.428024e+02 1.743433e+02 4.202830e+01 2.911064e+01 3
50 2 7.774819e+02 1.489233e+02 3.254082e+02 1.142261e+02 2
50 11 7.809336e+02 1.494980e+02 1.254519e+02 4.732834e+01 3
50 12 9.229000e+02 1.511570e+02 6.310043e+01 3.410587e+01 3
50 14 9.603475e+02 1.535876e+02 6.916330e+01 3.096781e+01 3
50 13 1.030499e+03 1.400951e+02 7.273683e+01 3.998858e+01 3
50 7 1.097879e+03 1.478475e+02 1.414729e+02 4.046991e+01 3
50 6 1.138958e+03 1.436203e+02 1.030422e+02 4.388604e+01 3
60 10 2.962369e+02 1.739059e+02 2.205416e+02 1.405714e+02 1
60 9 3.067088e+02 1.812903e+02 1.300324e+02 8.703157e+01 3
60 16 3.915305e+02 1.826068e+02 9.124333e+01 5.899887e+01 3
60 15 4.453764e+02 1.828915e+02 6.099701e+01 4.084837e+01 3
60 87 5.744672e+02 1.703606e+02 3.829222e+01 1.558852e+01 3
60 21 6.061676e+02 1.775656e+02 3.433143e+01 2.684508e+01 3
60 17 6.679152e+02 1.719920e+02 4.983892e+01 3.504769e+01 3
60 11 8.447448e+02 1.417025e+02 1.665011e+02 6.084032e+01 3
60 2 9.719701e+02 1.062734e+02 2.700299e+02 2.687266e+02 2
60 12 9.997739e+02 1.440508e+02 8.256771e+01 4.145882e+01 3
60 14 1.041283e+03 1.473072e+02 9.364923e+01 3.760583e+01 3
60 13 1.128857e+03 1.322716e+02 1.023225e+02 4.894145e+01 3
70 9 7.199346e+01 1.913607e+02 3.004138e+02 1.713396e+02 3
70 16 3.195909e+02 1.827757e+02 1.461564e+02 8.710336e+01 3
70 15 4.171758e+02 1.844528e+02 8.599221e+01 5.479754e+01 3
70 18 4.683985e+02 1.801505e+02 6.011511e+01 4.398317e+01 3
70 19 5.059605e+02 1.831430e+02 4.078911e+01 3.266599e+01 3
70 88 5.385210e+02 1.697921e+02 4.509858e+01 1.345674e+01 3
70 21 6.301761e+02 1.759794e+02 4.022972e+01 3.160217e+01 3
70 87 6.449046e+02 1.674560e+02 4.431930e+01 1.614547e+01 3
70 27 6.687390e+02 1.742663e+02 4.824262e+01 2.593387e+01 3
70 22 6.980597e+02 1.722374e+02 1.055929e+02 3.673600e+01 3
70 17 7.051881e+02 1.692811e+02 6.630386e+01 4.433253e+01 3
70 11 9.534102e+02 1.254197e+02 2.488297e+02 8.594387e+01 3
70 12 1.122018e+03 1.338205e+02 1.199818e+02 5.335363e+01 3
80 16 3.770894e+01 1.921356e+02 3.600096e+02 1.828644e+02 3
80 15 3.307975e+02 1.932377e+02 1.448438e+02 8.836708e+01 3
80 18 4.309664e+02 1.836553e+02 8.973625e+01 6.134283e+01 3
80 19 4.944004e+02 1.868892e+02 5.493705e+01 4.248065e+01 3
80 20 5.147043e+02 1.842864e+02 4.755212e+01 3.587631e+01 3
80 89 6.001689e+02 1.736227e+02 3.911778e+01 1.292758e+01 3
80 21 6.541161e+02 1.790682e+02 4.672222e+01 3.909008e+01 3
80 26 6.689688e+02 1.802477e+02 5.491107e+01 3.269796e+01 3
80 27 6.994254e+02 1.764582e+02 5.705723e+01 3.112061e+01 3
80 22 7.428799e+02 1.677460e+02 1.412683e+02 4.792451e+01 3
80 17 7.555368e+02 1.711574e+02 1.037955e+02 6.249203e+01 3
80 11 1.203955e+03 8.706766e+01 3.804526e+01 1.554373e+02 3
90 15 1 2.073552e+02 3.569337e+02 1.676448e+02 3
90 18 3.069867e+02 1.863637e+02 1.647841e+02 1.062738e+02 3
90 19 4.407867e+02 1.878535e+02 8.524911e+01 6.224438e+01 3
90 20 4.793782e+02 1.844896e+02 6.735959e+01 4.892308e+01 3
90 21 6.677543e+02 1.774351e+02 6.135138e+01 5.332940e+01 3
90 26 6.850591e+02 1.788713e+02 6.800676e+01 4.232541e+01 3
90 27 7.228376e+02 1.736187e+02 7.038095e+01 3.901958e+01 3
90 22 8.028922e+02 1.633802e+02 2.224834e+02 7.235341e+01 3
90 17 8.369979e+02 1.619315e+02 2.250686e+02 1.133527e+02 3
100 18 1 1.993922e+02 3.298168e+02 1.756078e+02 3
100 19 3.185679e+02 1.944139e+02 1.720364e+02 1.154056e+02 3
100 20 4.192353e+02 1.871868e+02 1.141291e+02 7.734828e+01 3
100 25 4.651213e+02 1.718994e+02 6.344533e+01 2.160338e+01 3
100 23 4.964113e+02 1.771716e+02 5.768302e+01 5.059317e+01 3
100 24 5.030566e+02 1.825008e+02 6.406094e+01 3.735228e+01 3
100 21 7.164852e+02 1.780948e+02 9.297675e+01 8.421880e+01 3
100 26 7.299129e+02 1.763119e+02 8.861259e+01 6.031212e+01 3
100 27 7.756020e+02 1.703316e+02 9.135218e+01 5.281485e+01 3
100 31 9.246701e+02 1.640749e+02 8.539484e+01 2.888107e+01 3
100 30 9.742296e+02 1.645730e+02 1.012635e+02 4.256295e+01 3
100 22 9.884506e+02 1.513597e+02 2.535494e+02 1.499726e+02 3
110 19 1 2.150275e+02 3.441286e+02 1.599725e+02 3
110 20 2.220079e+02 1.937068e+02 2.664394e+02 1.665834e+02 3
110 23 4.537083e+02 1.723918e+02 8.522090e+01 7.304082e+01 3
110 24 4.788943e+02 1.806781e+02 8.607338e+01 5.055480e+01 3
110 25 6.760655e+02 1.623938e+02 6.724955e+01 2.234610e+01 3
110 28 7.559533e+02 1.630887e+02 1.331695e+02 4.966918e+01 3
110 26 8.137739e+02 1.772171e+02 1.315997e+02 1.048322e+02 2
110 21 8.140632e+02 1.745378e+02 2.544128e+02 1.900026e+02 3
110 27 8.629392e+02 1.647024e+02 1.275221e+02 8.015448e+01 2
110 31 1.011381e+03 1.643257e+02 1.095627e+02 3.675739e+01 3
110 30 1.114526e+03 1.634958e+02 1.274741e+02 5.943091e+01 3
120 23 2.786191e+02 1.788476e+02 1.608367e+02 1.264847e+02 3
120 24 3.634487e+02 1.874336e+02 1.212297e+02 7.705812e+01 3
120 28 7.423418e+02 1.650778e+02 1.752549e+02 6.531890e+01 3
120 25 8.266033e+02 1.646844e+02 6.667605e+01 2.233289e+01 3
120 27 9.635756e+02 1.714900e+02 1.859219e+02 1.463376e+02 2
120 26 9.893539e+02 1.929571e+02 2.526461e+02 1.820429e+02 2
120 31 1.048485e+03 1.723942e+02 1.299349e+02 4.623544e+01 3
120 23 2.786191e+02 1.788476e+02 1.608367e+02 1.264847e+02 3
120 24 3.634487e+02 1.874336e+02 1.212297e+02 7.705812e+01 3
120 28 7.423418e+02 1.650778e+02 1.752549e+02 6.531890e+01 3
120 25 8.266033e+02 1.646844e+02 6.667605e+01 2.233289e+01 3
120 27 9.635756e+02 1.714900e+02 1.859219e+02 1.463376e+02 2
120 26 9.893539e+02 1.929571e+02 2.526461e+02 1.820429e+02 2
120 31 1.048485e+03 1.723942e+02 1.299349e+02 4.623544e+01 3
130 24 1 1.915825e+02 1.493276e+02 1.567948e+02 3
130 29 1 1.680664e+02 3.327904e+01 4.145560e+01 3
130 28 6.010673e+02 1.612163e+02 2.252275e+02 8.699056e+01 3
130 25 8.281241e+02 1.668716e+02 5.327616e+01 2.028810e+01 3
130 31 9.460822e+02 1.726136e+02 1.286742e+02 5.374619e+01 3
130 27 1.101099e+03 1.849861e+02 1.409005e+02 1.900139e+02 2
130 35 1.114064e+03 1.660185e+02 9.185836e+01 4.205309e+01 3
140 28 2.138012e+02 1.603173e+02 3.787900e+02 1.506298e+02 3
140 31 7.163672e+02 1.770406e+02 1.206618e+02 6.411583e+01 3
140 35 8.510507e+02 1.686955e+02 6.914100e+01 4.236980e+01 3
140 36 8.898961e+02 1.680566e+02 5.251966e+01 3.479647e+01 3
140 33 1.087251e+03 1.719541e+02 8.708594e+01 6.208850e+01 3
140 30 1.122540e+03 1.720669e+02 1.194599e+02 1.485164e+02 3
140 28 2.138012e+02 1.603173e+02 3.787900e+02 1.506298e+02 3
140 31 7.163672e+02 1.770406e+02 1.206618e+02 6.411583e+01 3
140 35 8.510507e+02 1.686955e+02 6.914100e+01 4.236980e+01 3
140 36 8.898961e+02 1.680566e+02 5.251966e+01 3.479647e+01 3
140 33 1.087251e+03 1.719541e+02 8.708594e+01 6.208850e+01 3
140 30 1.122540e+03 1.720669e+02 1.194599e+02 1.485164e+02 3
150 31 3.961060e+02 1.878291e+02 1.796865e+02 1.028126e+02 3
150 35 5.860757e+02 1.758968e+02 7.296003e+01 5.001057e+01 3
150 36 6.224004e+02 1.755584e+02 5.212132e+01 3.866411e+01 3
150 39 6.828678e+02 1.722826e+02 4.319720e+01 2.842455e+01 3
150 37 8.074289e+02 1.754221e+02 5.498963e+01 4.129705e+01 3
150 34 8.222325e+02 1.765763e+02 7.385041e+01 5.140130e+01 3
150 33 8.399299e+02 1.770716e+02 1.031984e+02 7.145056e+01 3
150 32 8.707771e+02 1.569264e+02 2.707089e+01 6.016616e+01 2
150 30 1.010214e+03 1.794996e+02 2.317855e+02 1.955004e+02 3
160 31 1 2.009153e+02 3.431604e+02 1.740847e+02 3
160 35 4.129887e+02 1.819185e+02 1.103186e+02 7.416385e+01 3
160 36 4.782954e+02 1.825160e+02 6.984228e+01 5.236618e+01 3
160 38 5.150418e+02 1.779622e+02 5.345335e+01 4.519794e+01 3
160 39 5.658033e+02 1.777678e+02 5.077020e+01 3.372406e+01 3
160 42 6.556103e+02 1.767477e+02 5.127928e+01 2.485171e+01 3
160 40 7.083460e+02 1.789479e+02 4.430516e+01 4.084137e+01 3
160 37 7.130544e+02 1.796738e+02 7.508722e+01 5.317774e+01 3
160 34 7.435520e+02 1.831640e+02 1.134059e+02 7.448491e+01 3
160 33 7.918190e+02 1.828085e+02 1.874927e+02 1.202702e+02 3
160 32 8.428986e+02 1.557518e+02 4.656476e+01 8.876104e+01 2
170 35 1.823817e+02 1.823645e+02 2.581901e+02 1.546107e+02 3
170 36 3.813149e+02 1.869625e+02 1.208741e+02 8.555451e+01 3
170 38 4.663490e+02 1.755447e+02 7.640040e+01 6.318214e+01 3
170 39 5.409025e+02 1.770703e+02 6.379919e+01 4.353103e+01 3
170 42 6.514801e+02 1.776687e+02 5.636601e+01 3.009281e+01 3
170 40 7.245942e+02 1.767788e+02 6.034370e+01 5.642565e+01 3
170 37 7.438676e+02 1.817033e+02 1.345802e+02 8.581635e+01 3
170 67 7.958500e+02 1.434491e+02 4.726181e+01 3.769302e+01 3
170 34 8.268190e+02 1.875469e+02 3.160692e+02 1.686961e+02 3
170 32 1.107007e+03 1.269523e+02 1.349934e+02 2.158093e+02 3
180 36 1 1.899363e+02 3.635690e+02 1.850637e+02 3
180 38 3.349139e+02 1.672571e+02 1.488342e+02 1.076354e+02 3
180 39 4.848239e+02 1.749764e+02 8.999319e+01 6.273069e+01 3
180 42 6.382707e+02 1.754861e+02 6.971925e+01 3.832230e+01 3
180 41 7.475320e+02 1.794367e+02 6.825898e+01 6.235037e+01 3
180 40 7.559620e+02 1.765681e+02 1.229853e+02 9.268734e+01 3
180 67 8.065098e+02 1.396716e+02 4.584701e+01 3.930986e+01 3
180 37 8.295162e+02 1.830368e+02 4.124838e+02 1.919632e+02 3
180 46 9.648241e+02 1.507845e+02 7.495490e+01 4.566896e+01 3
170 35 1.823817e+02 1.823645e+02 2.581901e+02 1.546107e+02 3
170 36 3.813149e+02 1.869625e+02 1.208741e+02 8.555451e+01 3
170 38 4.663490e+02 1.755447e+02 7.640040e+01 6.318214e+01 3
170 39 5.409025e+02 1.770703e+02 6.379919e+01 4.353103e+01 3
170 42 6.514801e+02 1.776687e+02 5.636601e+01 3.009281e+01 3
170 40 7.245942e+02 1.767788e+02 6.034370e+01 5.642565e+01 3
170 37 7.438676e+02 1.817033e+02 1.345802e+02 8.581635e+01 3
170 67 7.958500e+02 1.434491e+02 4.726181e+01 3.769302e+01 2
170 34 8.268190e+02 1.875469e+02 3.160692e+02 1.686961e+02 3
170 32 1.107007e+03 1.269523e+02 1.349934e+02 2.158093e+02 3
180 36 1 1.899363e+02 3.635690e+02 1.850637e+02 3
180 38 3.349139e+02 1.672571e+02 1.488342e+02 1.076354e+02 3
180 39 4.848239e+02 1.749764e+02 8.999319e+01 6.273069e+01 3
180 42 6.382707e+02 1.754861e+02 6.971925e+01 3.832230e+01 3
180 41 7.475320e+02 1.794367e+02 6.825898e+01 6.235037e+01 3
180 40 7.559620e+02 1.765681e+02 1.229853e+02 9.268734e+01 3
180 67 8.065098e+02 1.396716e+02 4.584701e+01 3.930986e+01 2
180 37 8.295162e+02 1.830368e+02 4.124838e+02 1.919632e+02 3
180 46 9.648241e+02 1.507845e+02 7.495490e+01 4.566896e+01 3
190 38 1 1.460928e+02 2.997238e+02 2.289072e+02 3
190 39 3.465262e+02 1.689880e+02 1.623383e+02 1.086873e+02 3
190 42 6.033606e+02 1.735766e+02 9.216305e+01 5.225666e+01 3
190 49 6.746358e+02 1.692340e+02 4.910290e+01 3.060432e+01 3
190 41 7.718598e+02 1.802515e+02 1.450967e+02 1.093878e+02 3
190 67 7.993777e+02 1.374552e+02 4.624341e+01 4.104152e+01 2
190 40 8.290998e+02 1.711447e+02 4.081422e+02 2.038553e+02 3
190 47 9.299973e+02 1.489213e+02 9.131784e+01 5.090086e+01 3
190 46 1.006486e+03 1.438927e+02 1.062586e+02 5.808491e+01 3
200 39 1 1.652365e+02 2.707779e+02 2.097635e+02 3
200 42 5.162151e+02 1.769576e+02 1.333530e+02 8.138194e+01 3
200 49 6.156300e+02 1.700385e+02 5.925391e+01 3.896128e+01 3
200 59 6.617797e+02 1.669008e+02 4.128306e+01 2.936273e+01 3
200 67 7.529198e+02 1.398988e+02 4.513107e+01 4.312665e+01 2
200 57 7.847146e+02 1.661036e+02 4.313750e+01 3.464514e+01 3
200 43 8.079428e+02 1.812452e+02 1.633384e+02 1.303705e+02 3
200 44 8.082412e+02 1.706090e+02 1.123898e+02 8.922221e+01 3
200 41 8.470478e+02 1.841924e+02 3.949522e+02 1.908076e+02 3
200 47 9.390786e+02 1.450702e+02 1.314790e+02 6.721777e+01 3
200 46 1.035504e+03 1.332756e+02 1.545442e+02 7.627052e+01 3
200 45 1.128528e+03 1.383620e+02 1.134720e+02 7.030044e+01 3
210 42 1.770195e+02 1.852477e+02 3.363156e+02 1.897523e+02 3
210 48 4.165599e+02 1.848544e+02 1.093678e+02 7.396649e+01 3
210 49 4.732770e+02 1.798109e+02 8.619577e+01 5.466344e+01 3
210 59 5.409164e+02 1.726790e+02 5.045397e+01 3.666578e+01 3
210 60 5.613736e+02 1.647612e+02 4.377822e+01 3.917162e+01 3
210 67 6.467262e+02 1.467248e+02 4.605188e+01 4.687727e+01 2
210 57 6.918276e+02 1.744760e+02 5.693527e+01 4.358919e+01 2
210 62 7.424815e+02 1.639515e+02 6.132671e+01 2.712963e+01 3
210 44 7.988918e+02 1.794875e+02 3.282801e+02 1.955125e+02 3
210 52 8.169109e+02 1.662826e+02 7.746060e+01 3.978097e+01 3
210 51 8.431330e+02 1.665407e+02 9.051422e+01 4.309155e+01 3
210 50 9.090074e+02 1.637888e+02 9.872526e+01 5.191065e+01 3
210 47 9.166236e+02 1.392260e+02 2.048470e+02 9.718494e+01 3
210 46 1.042961e+03 1.292616e+02 1.990390e+02 1.090457e+02 3
210 45 1.170734e+03 1.344066e+02 7.126554e+01 9.976976e+01 3
220 48 1.173980e+02 1.858199e+02 2.777720e+02 1.647781e+02 3
220 49 3.211934e+02 1.818233e+02 1.555420e+02 9.307735e+01 3
220 59 4.666312e+02 1.742621e+02 7.095775e+01 4.972820e+01 3
220 60 4.960637e+02 1.646594e+02 5.911673e+01 5.058873e+01 3
220 67 6.086653e+02 1.424909e+02 5.271399e+01 5.407452e+01 2
220 57 6.731379e+02 1.746375e+02 7.769204e+01 6.234378e+01 2
220 62 7.178159e+02 1.664647e+02 7.322069e+01 3.234978e+01 3
220 54 7.917049e+02 1.637439e+02 9.734296e+01 4.417881e+01 3
220 53 8.135775e+02 1.685091e+02 1.003981e+02 4.699342e+01 3
220 52 8.371103e+02 1.654579e+02 1.001420e+02 5.451687e+01 3
220 51 8.832094e+02 1.621644e+02 1.188129e+02 6.154230e+01 3
220 50 9.916880e+02 1.529084e+02 1.306764e+02 7.589613e+01 3
220 47 1.082188e+03 9.891677e+01 1.598123e+02 2.157061e+02 3
220 48 1.173980e+02 1.858199e+02 2.777720e+02 1.647781e+02 3
220 49 3.211934e+02 1.818233e+02 1.555420e+02 9.307735e+01 3
220 59 4.666312e+02 1.742621e+02 7.095775e+01 4.972820e+01 3
220 60 4.960637e+02 1.646594e+02 5.911673e+01 5.058873e+01 3
220 67 6.086653e+02 1.424909e+02 5.271399e+01 5.407452e+01 2
220 57 6.731379e+02 1.746375e+02 7.769204e+01 6.234378e+01 2
220 62 7.178159e+02 1.664647e+02 7.322069e+01 3.234978e+01 3
220 54 7.917049e+02 1.637439e+02 9.734296e+01 4.417881e+01 3
220 53 8.135775e+02 1.685091e+02 1.003981e+02 4.699342e+01 3
220 52 8.371103e+02 1.654579e+02 1.001420e+02 5.451687e+01 3
220 51 8.832094e+02 1.621644e+02 1.188129e+02 6.154230e+01 3
220 50 9.916880e+02 1.529084e+02 1.306764e+02 7.589613e+01 3
220 47 1.082188e+03 9.891677e+01 1.598123e+02 2.157061e+02 3
230 49 1 1.947852e+02 3.569323e+02 1.802148e+02 3
230 59 4.024358e+02 1.770247e+02 1.155677e+02 7.641359e+01 3
230 60 4.623361e+02 1.623917e+02 8.679746e+01 7.041174e+01 3
230 65 5.251378e+02 1.758433e+02 4.729116e+01 3.704121e+01 3
230 66 5.454603e+02 1.742176e+02 6.353633e+01 2.301478e+01 2
230 67 6.186093e+02 1.350847e+02 6.200818e+01 6.471028e+01 2
230 58 6.997595e+02 1.812657e+02 8.535466e+01 6.071770e+01 2
230 57 7.229913e+02 1.730198e+02 1.496939e+02 1.103529e+02 2
230 62 7.531716e+02 1.597718e+02 9.465884e+01 4.099961e+01 3
230 55 8.465425e+02 1.676041e+02 1.319854e+02 5.089407e+01 3
230 54 8.798518e+02 1.598480e+02 1.368434e+02 6.410014e+01 3
230 53 9.273393e+02 1.593981e+02 1.456013e+02 7.186575e+01 3
230 52 9.882000e+02 1.546734e+02 1.553493e+02 9.059496e+01 3
230 51 1.099149e+03 1.524130e+02 1.428513e+02 1.135428e+02 3
240 59 1.954898e+02 1.823478e+02 2.678567e+02 1.609618e+02 3
240 60 3.689364e+02 1.543305e+02 1.536648e+02 1.148936e+02 3
240 64 4.647723e+02 1.742490e+02 8.321853e+01 6.679861e+01 3
240 65 4.987086e+02 1.783551e+02 7.031845e+01 4.927288e+01 3
240 67 6.232657e+02 1.296616e+02 7.570575e+01 7.754384e+01 2
240 58 7.630009e+02 1.870436e+02 1.922736e+02 1.199473e+02 2
240 63 7.812486e+02 1.542707e+02 1.597470e+02 5.422250e+01 3
240 62 7.973447e+02 1.565192e+02 1.308215e+02 5.501153e+01 3
240 61 8.744107e+02 1.656263e+02 1.251388e+02 5.501893e+01 3
240 57 8.746111e+02 1.819172e+02 3.673889e+02 1.930828e+02 2
240 56 9.137162e+02 1.656663e+02 1.486262e+02 6.616161e+01 3
240 55 9.737649e+02 1.614945e+02 1.957821e+02 8.124939e+01 3
240 54 1.066039e+03 1.503062e+02 1.759606e+02 1.121665e+02 3
240 53 1.212837e+03 1.380066e+02 2.916254e+01 1.460818e+02 3
250 60 1 1.322809e+02 3.677439e+02 2.427191e+02 3
250 64 2.673419e+02 1.830198e+02 1.736441e+02 1.221174e+02 3
250 65 3.762619e+02 1.821491e+02 1.074999e+02 7.419982e+01 3
250 67 5.599388e+02 1.263618e+02 1.152345e+02 9.200739e+01 2
250 63 7.763480e+02 1.520547e+02 2.199123e+02 7.494004e+01 3
250 62 8.056683e+02 1.571599e+02 1.897352e+02 7.915711e+01 3
250 61 9.448815e+02 1.688901e+02 1.803066e+02 8.649150e+01 3
250 56 1.039510e+03 1.643848e+02 2.024904e+02 1.154598e+02 3
260 64 1 1.890831e+02 2.398082e+02 1.859169e+02 3
260 65 1.500943e+02 1.850747e+02 2.327739e+02 1.382621e+02 3
260 67 5.295408e+02 1.152402e+02 1.819447e+02 1.078275e+02 2
260 63 8.347963e+02 1.475950e+02 3.553236e+02 1.192206e+02 3
260 62 9.034482e+02 1.488068e+02 3.385518e+02 1.393903e+02 3
270 67 5.749225e+02 9.841289e+01 2.579979e+02 1.223633e+02 2
270 63 1.059571e+03 1.114501e+02 1.824294e+02 2.635499e+02 3
280 67 7.151830e+02 8.683743e+01 3.493441e+02 1.392707e+02 2
290 67 9.605356e+02 7.243151e+01 2.814644e+02 1.700802e+02 2
320 68 1.165665e+03 1.871486e+02 7.633452e+01 3.500599e+01 3
330 68 6.747400e+02 1.864510e+02 7.921345e+01 4.007684e+01 3
330 67 1.030316e+03 1.219592e+02 1.313478e+02 1.053223e+02 2
340 68 1 1.827792e+02 2.089190e+02 8.622746e+01 3
340 67 7.816101e+02 1.349896e+02 7.764845e+01 8.521902e+01 2
350 67 5.780710e+02 1.400670e+02 6.491157e+01 7.869473e+01 2
360 67 5.661558e+02 1.382985e+02 6.363381e+01 7.710832e+01 2
370 67 5.667458e+02 1.371779e+02 6.230476e+01 7.548135e+01 2
380 69 4.210590e+02 1.842878e+02 2.957026e+01 1.774506e+01 3
380 67 5.631557e+02 1.371157e+02 6.063311e+01 7.345850e+01 2
390 69 3.226504e+02 1.895832e+02 5.556830e+01 2.926031e+01 3
390 70 3.853157e+02 1.819261e+02 3.827160e+01 2.426007e+01 3
390 67 5.747305e+02 1.392864e+02 5.815675e+01 7.048163e+01 2
400 69 1 2.127876e+02 8.267546e+01 8.378098e+01 3
400 70 2.108236e+02 1.886106e+02 8.606716e+01 4.465459e+01 3
400 67 5.829200e+02 1.435777e+02 5.688052e+01 6.890134e+01 2
410 67 5.789109e+02 1.391659e+02 5.639372e+01 6.831031e+01 2
420 67 5.791341e+02 1.421966e+02 5.553307e+01 6.726939e+01 2
430 67 5.850134e+02 1.426268e+02 5.448291e+01 6.599601e+01 2
440 67 5.821677e+02 1.428270e+02 5.313735e+01 6.436800e+01 2
450 67 5.778244e+02 1.472837e+02 5.135263e+01 6.221119e+01 2
460 71 3.299409e+02 1.921477e+02 4.853775e+01 2.446589e+01 3
460 67 5.847456e+02 1.459827e+02 4.964684e+01 6.014028e+01 2
470 71 1 2.059129e+02 6.857265e+01 6.786844e+01 3
470 67 5.845203e+02 1.469797e+02 4.795781e+01 5.809506e+01 2
480 67 5.764708e+02 1.493727e+02 4.691118e+01 5.683179e+01 2
490 67 5.800657e+02 1.554167e+02 4.609082e+01 5.584229e+01 2
500 67 5.852086e+02 1.509692e+02 4.561523e+01 5.525765e+01 2
510 67 5.841584e+02 1.515435e+02 4.508627e+01 5.461817e+01 2
520 67 5.862215e+02 1.457027e+02 4.452975e+01 5.393803e+01 2
530 67 5.839956e+02 1.562016e+02 4.403440e+01 5.335291e+01 2
540 67 5.848853e+02 1.575605e+02 4.358663e+01 5.281327e+01 2
550 67 5.852425e+02 1.501862e+02 4.296066e+01 5.206445e+01 2
560 67 5.916997e+02 1.488787e+02 4.225524e+01 5.120595e+01 2
570 67 5.941774e+02 1.638079e+02 4.277403e+01 5.056512e+01 2
580 67 5.966550e+02 1.534324e+02 4.174842e+01 5.057849e+01 2
590 67 5.950527e+02 1.516868e+02 4.257031e+01 5.156324e+01 2
600 67 5.945983e+02 1.521616e+02 4.417661e+01 5.351766e+01 2
610 67 5.979785e+02 1.419036e+02 4.832558e+01 5.673040e+01 2
620 72 3.879412e+02 1.770103e+02 3.321350e+01 1.862329e+01 3
620 67 5.979217e+02 1.386001e+02 5.452340e+01 6.135618e+01 2
630 72 3.174055e+02 1.790331e+02 4.720100e+01 2.403786e+01 3
630 73 3.473137e+02 1.800788e+02 4.404521e+01 1.964054e+01 3
630 67 6.098828e+02 1.374118e+02 6.521875e+01 6.601296e+01 2
640 72 1.928999e+02 1.788889e+02 7.422459e+01 3.348703e+01 3
640 73 2.506966e+02 1.799224e+02 6.571186e+01 2.627199e+01 3
640 74 3.065583e+02 1.789536e+02 5.549404e+01 2.267848e+01 3
640 67 6.312975e+02 1.317067e+02 6.220292e+01 7.016733e+01 2
650 72 1 1.848472e+02 5.150580e+01 5.509832e+01 3
650 73 3.623463e+01 1.868148e+02 1.206212e+02 4.036754e+01 3
650 74 1.597571e+02 1.820198e+02 8.170826e+01 3.179527e+01 3
650 75 2.305707e+02 1.801166e+02 5.542502e+01 2.706059e+01 3
650 76 2.749970e+02 1.794487e+02 4.935213e+01 2.294650e+01 3
650 78 3.440676e+02 1.771330e+02 3.518929e+01 2.036181e+01 3
650 67 6.305003e+02 1.282138e+02 6.046352e+01 7.306256e+01 2
660 75 1 1.864154e+02 7.943503e+01 4.191296e+01 3
660 76 7.493693e+01 1.860822e+02 8.366243e+01 3.348708e+01 3
660 77 1.415886e+02 1.848329e+02 7.350948e+01 2.810404e+01 3
660 78 2.052246e+02 1.797448e+02 5.091531e+01 2.701815e+01 3
660 79 2.422197e+02 1.823597e+02 4.357368e+01 2.219644e+01 3
660 67 5.853211e+02 1.280744e+02 6.313985e+01 7.646539e+01 2
670 79 1.775422e+01 1.948743e+02 7.685325e+01 3.273582e+01 3
670 81 9.293547e+01 1.888771e+02 7.761496e+01 3.102590e+01 3
670 82 1.549418e+02 1.900495e+02 5.449409e+01 2.432741e+01 3
670 67 5.147786e+02 1.336195e+02 6.748892e+01 8.149680e+01 2
640 72 1.928999e+02 1.788889e+02 7.422459e+01 3.348703e+01 3
640 73 2.506966e+02 1.799224e+02 6.571186e+01 2.627199e+01 3
640 74 3.065583e+02 1.789536e+02 5.549404e+01 2.267848e+01 3
640 67 6.312975e+02 1.317067e+02 6.220292e+01 7.016733e+01 1
650 72 1 1.848472e+02 5.150580e+01 5.509832e+01 3
650 73 3.623463e+01 1.868148e+02 1.206212e+02 4.036754e+01 3
650 74 1.597571e+02 1.820198e+02 8.170826e+01 3.179527e+01 3
650 75 2.305707e+02 1.801166e+02 5.542502e+01 2.706059e+01 3
650 76 2.749970e+02 1.794487e+02 4.935213e+01 2.294650e+01 3
650 78 3.440676e+02 1.771330e+02 3.518929e+01 2.036181e+01 3
650 67 6.305003e+02 1.282138e+02 6.046352e+01 7.306256e+01 2
660 75 1 1.864154e+02 7.943503e+01 4.191296e+01 3
660 76 7.493693e+01 1.860822e+02 8.366243e+01 3.348708e+01 3
660 77 1.415886e+02 1.848329e+02 7.350948e+01 2.810404e+01 3
660 78 2.052246e+02 1.797448e+02 5.091531e+01 2.701815e+01 3
660 79 2.422197e+02 1.823597e+02 4.357368e+01 2.219644e+01 3
660 67 5.853211e+02 1.280744e+02 6.313985e+01 7.646539e+01 1
670 79 1.775422e+01 1.948743e+02 7.685325e+01 3.273582e+01 3
670 81 9.293547e+01 1.888771e+02 7.761496e+01 3.102590e+01 3
670 82 1.549418e+02 1.900495e+02 5.449409e+01 2.432741e+01 3
670 67 5.147786e+02 1.336195e+02 6.748892e+01 8.149680e+01 1
680 81 4.566531e+00 1.901337e+02 1.101046e+02 4.082454e+01 3
680 82 1.152833e+02 1.897833e+02 7.496782e+01 3.022446e+01 3
680 83 1.665653e+02 1.848642e+02 6.513504e+01 2.693741e+01 3
680 84 2.233907e+02 1.839292e+02 5.021501e+01 2.561290e+01 3
680 85 2.562763e+02 1.854446e+02 4.479177e+01 1.962001e+01 3
680 67 5.490325e+02 1.291986e+02 7.079540e+01 8.571936e+01 1
690 82 1 1.943584e+02 8.131675e+01 4.187187e+01 3
690 83 5.469435e+01 1.886828e+02 9.743455e+01 3.594052e+01 3
690 84 1.480526e+02 1.878652e+02 7.075846e+01 3.281563e+01 3
690 85 2.016936e+02 1.897252e+02 6.076957e+01 2.451285e+01 3
690 67 5.704737e+02 1.245942e+02 7.556547e+01 9.153318e+01 1
700 85 7.011394e+01 1.925970e+02 9.353733e+01 3.276223e+01 3
700 86 1.339184e+02 1.868509e+02 7.097192e+01 3.058493e+01 3
700 67 5.630437e+02 1.138039e+02 8.510200e+01 1.030851e+02 1
710 86 1 1.919384e+02 9.684973e+01 4.045422e+01 3
710 67 5.583791e+02 1.015868e+02 9.623927e+01 1.165734e+02 1
720 80 5.031592e+02 1.540683e+02 6.268625e+01 3.759797e+01 3
720 67 5.582671e+02 9.957392e+01 1.065615e+02 1.290730e+02 2
730 80 4.147171e+02 1.545771e+02 7.144156e+01 4.243810e+01 3
730 67 5.461475e+02 9.407423e+01 1.188173e+02 1.439071e+02 2
740 80 2.961389e+02 1.561289e+02 8.404282e+01 4.864260e+01 3
740 67 5.266488e+02 7.967163e+01 1.363077e+02 1.650435e+02 2
750 80 1.607446e+02 1.623233e+02 1.019922e+02 5.470983e+01 3
750 67 5.182319e+02 7.442104e+01 1.464694e+02 1.773414e+02 2
760 80 3.592670e+00 1.700565e+02 1.270684e+02 6.075951e+01 3
760 67 5.146655e+02 7.058777e+01 1.544624e+02 1.870369e+02 2
770 67 5.103718e+02 6.166132e+01 1.676720e+02 2.030585e+02 3
770 67 5.103718e+02 6.166132e+01 1.676720e+02 2.030585e+02 2
780 67 5.015229e+02 4.793004e+01 1.889034e+02 2.287945e+02 2
790 67 4.907873e+02 3.189335e+01 2.141720e+02 2.594171e+02 2
800 67 4.964181e+02 3.576185e+01 2.090779e+02 2.532429e+02 2
