0 1 8.704399e+02 2.066467e+02 3.715601e+02 1.683533e+02 3
10 2 7.660522e+02 1.620981e+02 2.564322e+01 5.727661e+01 2
10 3 7.917619e+02 1.639087e+02 2.286617e+01 5.496612e+01 3
10 2 7.660522e+02 1.620981e+02 2.564322e+01 5.727661e+01 2
10 3 7.917619e+02 1.639087e+02 2.286617e+01 5.496612e+01 2
20 5 5.734953e+01 1.615995e+02 3.642927e+01 7.340225e+01 3
20 2 8.598921e+02 1.573216e+02 4.675150e+01 9.164616e+01 2
20 3 9.048504e+02 1.597740e+02 4.145713e+01 8.808604e+01 2
30 4 4.121086e+02 1.794616e+02 1.980649e+01 4.710285e+01 1
30 2 1.206250e+03 1.419562e+02 3.575049e+01 2.330438e+02 3
40 6 2.309450e+02 1.671347e+02 3.458859e+01 6.153162e+01 2
40 4 3.245369e+02 1.764228e+02 3.089012e+01 6.814612e+01 1
40 7 8.806598e+02 1.915303e+02 7.006531e+01 7.798371e+01 3
40 6 2.309450e+02 1.671347e+02 3.458859e+01 6.153162e+01 2
40 4 3.245369e+02 1.764228e+02 3.089012e+01 6.814612e+01 1
40 7 8.806598e+02 1.915303e+02 7.006531e+01 7.798371e+01 3
50 6 1 1.642767e+02 2.733512e+01 9.849595e+01 3
50 4 8.807340e+01 1.807345e+02 6.572969e+01 1.218296e+02 2
50 8 3.848877e+02 1.654040e+02 3.166099e+01 6.823072e+01 1
50 7 1.181024e+03 2.186259e+02 6.097596e+01 1.563741e+02 3
60 8 2.361488e+02 1.630066e+02 5.424297e+01 1.076688e+02 2
60 23 5.855773e+02 1.578595e+02 5.029855e+01 3.945457e+01 3
60 11 7.281179e+02 1.636854e+02 2.170865e+01 6.097307e+01 1
60 10 7.718502e+02 1.634856e+02 4.351780e+01 7.836768e+01 1
70 17 2.815419e+02 1.700993e+02 3.840029e+01 7.413683e+01 3
70 18 3.596588e+02 1.681565e+02 3.242553e+01 7.380398e+01 2
70 23 5.537231e+02 1.533570e+02 5.911542e+01 4.659103e+01 3
70 11 7.506405e+02 1.606682e+02 3.301628e+01 8.964118e+01 1
70 10 8.519314e+02 1.577351e+02 7.597673e+01 1.322172e+02 1
70 16 9.280221e+02 1.660391e+02 3.073507e+01 8.710762e+01 2
70 15 9.472870e+02 1.633818e+02 4.880197e+01 9.859956e+01 3
70 12 1.085944e+03 2.105901e+02 7.871797e+01 1.080134e+02 3
70 13 1.146342e+03 2.162699e+02 8.234584e+01 9.949344e+01 3
70 14 1.174950e+03 1.516581e+02 6.704989e+01 1.519932e+02 2
80 20 5.571769e+01 2.054046e+02 5.645700e+01 5.518660e+01 3
80 17 8.623853e+01 1.720195e+02 7.351630e+01 1.126359e+02 3
80 18 1.633491e+02 1.664701e+02 6.559853e+01 1.224464e+02 3
80 21 4.357925e+02 1.661496e+02 3.890353e+01 6.635023e+01 2
80 23 5.146737e+02 1.558964e+02 7.251501e+01 5.678811e+01 3
80 31 5.938017e+02 1.729155e+02 4.192668e+01 4.247232e+01 1
80 11 8.238144e+02 1.457205e+02 7.004917e+01 1.635922e+02 1
80 27 8.470103e+02 1.529610e+02 6.574065e+01 1.313478e+02 2
80 19 8.604960e+02 1.926062e+02 8.446311e+01 8.472588e+01 3
80 16 1.200301e+03 1.598455e+02 4.169859e+01 1.742445e+02 3
80 20 5.571769e+01 2.054046e+02 5.645700e+01 5.518660e+01 3
80 17 8.623853e+01 1.720195e+02 7.351630e+01 1.126359e+02 3
80 18 1.633491e+02 1.664701e+02 6.559853e+01 1.224464e+02 2
80 21 4.357925e+02 1.661496e+02 3.890353e+01 6.635023e+01 2
80 23 5.146737e+02 1.558964e+02 7.251501e+01 5.678811e+01 3
80 31 5.938017e+02 1.729155e+02 4.192668e+01 4.247232e+01 1
80 11 8.238144e+02 1.457205e+02 7.004917e+01 1.635922e+02 1
80 27 8.470103e+02 1.529610e+02 6.574065e+01 1.313478e+02 1
80 19 8.604960e+02 1.926062e+02 8.446311e+01 8.472588e+01 3
80 16 1.200301e+03 1.598455e+02 4.169859e+01 1.742445e+02 3
90 24 1 1.914489e+02 1.620128e+01 8.336912e+01 3
90 25 1 1.907774e+02 7.477347e+01 7.708373e+01 3
90 26 1 1.701003e+02 5.274774e+01 1.035396e+02 3
90 30 2.023398e+02 1.846155e+02 4.836990e+01 5.600091e+01 3
90 21 2.582719e+02 1.606808e+02 8.179845e+01 1.202832e+02 1
90 22 3.070419e+02 1.649304e+02 6.591681e+01 9.366108e+01 1
90 68 3.933064e+02 1.767864e+02 7.907661e+01 2.710325e+01 3
90 23 4.668735e+02 1.482606e+02 9.650457e+01 7.212281e+01 3
90 31 6.182723e+02 1.703775e+02 4.170799e+01 4.936611e+01 1
90 35 7.973854e+02 1.788464e+02 4.268804e+01 3.707767e+01 3
90 34 8.063570e+02 1.765985e+02 4.155493e+01 4.160014e+01 3
90 33 8.790648e+02 1.657814e+02 3.125189e+01 5.892988e+01 3
90 32 9.316607e+02 1.651118e+02 3.302325e+01 6.399277e+01 3
90 28 1.089835e+03 2.277846e+02 1.454411e+02 1.472154e+02 3
90 29 1.158622e+03 2.302219e+02 8.337776e+01 1.447781e+02 3
100 22 1 1.619662e+02 3.684190e+01 2.130338e+02 3
100 68 3.261743e+02 1.820281e+02 9.656987e+01 3.267603e+01 3
100 23 3.931646e+02 1.422216e+02 1.363864e+02 9.858388e+01 3
100 31 6.483783e+02 1.708307e+02 4.413455e+01 5.703560e+01 1
100 35 8.390726e+02 1.824560e+02 5.840455e+01 4.957704e+01 3
100 34 8.534693e+02 1.792484e+02 5.831729e+01 5.681144e+01 3
100 33 9.508547e+02 1.629022e+02 4.652987e+01 7.851692e+01 3
100 32 1.063012e+03 1.617130e+02 5.375559e+01 9.448817e+01 3
110 37 9.920817e+01 1.505371e+02 6.152163e+01 8.706838e+01 3
110 38 1.295057e+02 1.619570e+02 4.685166e+01 7.178708e+01 3
110 68 2.214388e+02 1.797785e+02 1.235170e+02 4.064777e+01 3
110 23 2.535642e+02 1.212050e+02 2.209140e+02 1.511146e+02 3
110 36 4.704910e+02 1.744035e+02 3.094368e+01 5.974893e+01 1
110 31 6.806628e+02 1.641085e+02 3.161723e+01 6.594913e+01 1
110 35 9.198519e+02 1.834696e+02 9.001110e+01 7.349164e+01 3
110 34 9.563592e+02 1.829558e+02 9.424686e+01 8.743416e+01 3
110 33 1.085066e+03 1.563911e+02 7.963401e+01 1.151700e+02 3
120 23 1 6.890532e+01 3.571298e+02 3.060947e+02 3
120 68 6.259845e+01 1.798937e+02 1.722500e+02 5.426679e+01 3
120 36 3.868756e+02 1.784820e+02 4.781066e+01 9.212203e+01 1
120 31 6.861331e+02 1.645150e+02 2.529482e+01 7.478298e+01 1
120 23 1 6.890532e+01 3.571298e+02 3.060947e+02 3
120 68 6.259845e+01 1.798937e+02 1.722500e+02 5.426679e+01 3
120 36 3.868756e+02 1.784820e+02 4.781066e+01 9.212203e+01 1
120 31 6.861331e+02 1.645150e+02 2.529482e+01 7.478298e+01 1
130 68 1 1.799537e+02 4.100371e+01 8.148491e+01 3
130 36 1.252008e+02 1.792748e+02 1.039982e+02 1.957252e+02 1
130 31 6.689089e+02 1.586551e+02 2.894702e+01 8.464660e+01 1
140 31 6.567882e+02 1.649270e+02 5.062273e+01 9.466577e+01 1
150 31 7.075147e+02 1.622469e+02 7.435516e+01 1.024557e+02 1
160 31 8.336076e+02 1.568497e+02 9.764305e+01 1.148115e+02 1
160 31 8.336076e+02 1.568497e+02 9.764305e+01 1.148115e+02 1
170 39 8.841940e+02 1.835217e+02 3.383940e+01 5.241842e+01 3
170 31 1.069919e+03 1.575869e+02 1.187907e+02 1.349052e+02 2
180 39 8.733157e+02 1.874245e+02 3.949444e+01 6.084725e+01 3
190 39 8.889770e+02 1.917751e+02 4.501686e+01 7.191583e+01 3
200 40 1.031447e+03 1.928066e+02 5.944167e+01 8.703663e+01 3
200 39 1.086055e+03 1.971595e+02 6.282825e+01 9.798317e+01 3
210 42 7.193003e+02 1.847657e+02 2.928436e+01 5.572409e+01 1
210 41 7.547376e+02 1.771753e+02 4.650317e+01 7.745257e+01 2
220 42 7.386726e+02 1.735238e+02 4.100765e+01 8.000336e+01 1
220 41 8.020329e+02 1.582623e+02 6.444602e+01 1.085840e+02 1
230 42 8.166191e+02 1.823176e+02 7.722682e+01 1.529999e+02 1
230 41 9.157621e+02 1.550589e+02 1.177801e+02 1.967392e+02 1
240 44 5.208416e+02 1.719239e+02 2.880996e+01 6.441415e+01 1
240 43 5.556894e+02 1.773614e+02 2.141716e+01 4.919958e+01 1
240 47 7.248991e+02 1.655823e+02 2.169884e+01 5.202153e+01 3
240 48 7.411702e+02 1.667102e+02 2.631353e+01 4.946738e+01 3
240 65 1.072431e+03 1.616704e+02 6.589318e+01 1.051139e+02 3
240 64 1.097693e+03 1.535728e+02 7.920317e+01 1.207102e+02 3
250 44 3.873479e+02 1.675034e+02 4.865747e+01 1.031453e+02 1
250 45 4.420927e+02 1.712289e+02 3.714121e+01 8.159490e+01 1
250 43 4.763243e+02 1.779249e+02 3.209504e+01 6.122142e+01 1
250 47 7.012096e+02 1.643905e+02 3.020048e+01 6.935685e+01 2
250 48 7.180417e+02 1.662603e+02 3.567995e+01 6.547748e+01 3
260 44 5.686694e+01 1.604044e+02 1.581555e+02 2.145956e+02 3
260 46 2.725929e+02 1.700406e+02 5.704041e+01 1.442159e+02 3
260 45 3.104800e+02 1.703767e+02 7.647476e+01 1.569796e+02 1
260 66 3.781154e+02 1.741917e+02 4.326063e+01 1.048046e+02 1
260 43 4.154581e+02 1.793685e+02 5.229455e+01 8.148046e+01 1
260 47 7.550890e+02 1.596372e+02 5.361516e+01 1.065792e+02 2
260 48 7.874542e+02 1.627171e+02 6.050996e+01 1.010383e+02 3
270 66 1.122484e+02 1.639641e+02 1.614122e+02 2.110359e+02 2
270 43 3.583655e+02 1.753058e+02 5.464104e+01 1.219784e+02 2
270 47 1.007664e+03 1.284142e+02 1.675311e+02 2.465858e+02 3
270 48 1.090897e+03 1.369528e+02 1.511033e+02 2.370056e+02 3
280 43 1.207283e+02 1.755975e+02 1.487272e+02 1.994025e+02 2
280 50 3.952019e+02 1.704414e+02 3.711869e+01 8.082348e+01 2
280 49 4.204021e+02 1.765478e+02 3.628604e+01 7.613303e+01 1
280 51 6.479410e+02 1.714889e+02 2.884358e+01 6.482197e+01 1
290 50 2.678935e+02 1.631948e+02 7.181630e+01 1.479546e+02 3
290 49 3.144034e+02 1.761859e+02 7.028152e+01 1.415271e+02 1
290 52 4.594807e+02 1.731422e+02 3.466352e+01 6.158465e+01 1
290 53 4.977293e+02 1.699396e+02 2.260571e+01 4.832139e+01 2
290 55 5.309370e+02 1.760034e+02 2.061390e+01 3.777576e+01 1
290 54 5.429904e+02 1.785380e+02 2.078150e+01 3.582008e+01 1
290 51 7.125472e+02 1.680990e+02 4.329921e+01 1.024288e+02 2
300 52 3.750338e+02 1.677809e+02 6.786195e+01 1.121684e+02 1
300 53 4.620565e+02 1.638532e+02 3.870780e+01 8.520778e+01 1
300 55 5.235473e+02 1.734996e+02 2.473214e+01 4.663825e+01 1
300 54 5.387237e+02 1.769962e+02 2.516806e+01 4.402704e+01 1
300 51 8.975563e+02 1.521575e+02 9.347641e+01 2.228425e+02 3
310 53 1.991101e+02 1.384591e+02 1.567414e+02 2.365409e+02 1
310 55 4.981114e+02 1.745284e+02 2.914336e+01 6.089824e+01 1
310 54 5.160101e+02 1.780102e+02 2.979463e+01 5.745547e+01 1
310 57 6.353175e+02 1.695188e+02 1.922357e+01 4.483054e+01 1
310 58 6.542139e+02 1.689649e+02 2.050059e+01 4.538721e+01 2
310 56 8.775077e+02 1.682519e+02 4.773741e+01 8.356400e+01 3
320 55 4.549635e+02 1.725712e+02 3.236366e+01 8.636775e+01 1
320 54 4.795879e+02 1.772660e+02 3.892503e+01 8.121518e+01 1
320 57 6.656513e+02 1.657620e+02 2.892450e+01 6.102175e+01 2
320 58 6.935479e+02 1.656920e+02 3.119300e+01 6.234237e+01 2
320 56 1.134213e+03 1.528957e+02 1.077873e+02 1.672783e+02 3
330 61 3.352011e+02 1.684609e+02 4.480817e+01 8.747429e+01 3
330 55 3.571527e+02 1.689959e+02 5.668201e+01 1.412148e+02 1
330 54 4.047386e+02 1.785151e+02 5.463632e+01 1.320264e+02 1
330 57 7.200820e+02 1.602106e+02 4.693316e+01 9.278596e+01 2
330 58 7.585879e+02 1.571543e+02 4.995032e+01 9.509769e+01 3
330 59 8.733800e+02 1.784871e+02 3.197886e+01 5.905937e+01 3
