0 1 3.319372e+02 1.845862e+02 1.042350e+02 8.173613e+01 2
0 3 5.512155e+02 1.766484e+02 1.466042e+01 1.216617e+01 3
0 2 8.006733e+02 1.410628e+02 7.989440e+01 1.517782e+02 1
10 3 5.192996e+02 1.785027e+02 2.734932e+01 2.066768e+01 3
20 3 4.041679e+02 1.823378e+02 7.873744e+01 4.746403e+01 3
30 4 7.857266e+02 1.631039e+02 2.692023e+01 4.868049e+01 3
40 6 7.093071e+02 1.750545e+02 2.946177e+01 2.877992e+01 3
40 4 9.028742e+02 1.566387e+02 4.468067e+01 7.170689e+01 3
50 5 1.052793e+02 1.816184e+02 1.477451e+02 5.686038e+01 3
50 6 7.618250e+02 1.720570e+02 5.388974e+01 4.347460e+01 2
50 4 1.169721e+03 1.404745e+02 7.227892e+01 1.305537e+02 3
60 11 1 1.783544e+02 1.325022e+02 6.029050e+01 3
60 12 1 1.858955e+02 5.033328e+01 6.779346e+01 3
60 13 6.092073e+01 1.625039e+02 1.579266e+02 6.194501e+01 3
60 14 1.234778e+02 1.655928e+02 1.352612e+02 5.345666e+01 3
60 16 5.029372e+02 1.626036e+02 6.350971e+01 3.539821e+01 3
60 6 8.487280e+02 1.736880e+02 1.285607e+02 8.105831e+01 2
60 7 9.486290e+02 1.790327e+02 1.643208e+02 7.170731e+01 3
70 15 1 1.721606e+02 5.548819e+01 5.985925e+01 3
70 16 3.990564e+02 1.560728e+02 8.194140e+01 4.514665e+01 3
70 10 9.475008e+02 1.302488e+02 2.944992e+02 1.697874e+02 2
70 8 1.115058e+03 1.435980e+02 9.764520e+01 1.842959e+02 3
70 6 1.136487e+03 1.552409e+02 1.055132e+02 2.197591e+02 3
70 9 1.170946e+03 1.527111e+02 7.105354e+01 1.668436e+02 3
80 16 2.412069e+02 1.490799e+02 1.166864e+02 6.206195e+01 3
90 16 1.997005e+01 1.441175e+02 1.854668e+02 9.404244e+01 3
100 17 1.551993e+02 1.505684e+02 1.698663e+02 6.875751e+01 3
110 17 1 1.412039e+02 2.455884e+02 1.027014e+02 3
110 21 3.954558e+02 1.746727e+02 6.237883e+01 2.327348e+01 3
120 21 4.482756e+02 1.816533e+02 6.860560e+01 2.675396e+01 3
120 49 5.882235e+02 1.808944e+02 5.064305e+01 2.217143e+01 3
130 18 2.555545e+02 1.770652e+02 1.067455e+02 3.471455e+01 3
130 21 4.582733e+02 1.726509e+02 7.409196e+01 2.960334e+01 3
130 19 5.708695e+02 1.682699e+02 5.655071e+01 2.700846e+01 3
130 49 5.967371e+02 1.753629e+02 5.210093e+01 2.373673e+01 3
130 20 8.517478e+02 1.680857e+02 1.901084e+01 5.446672e+01 3
130 18 2.555545e+02 1.770652e+02 1.067455e+02 3.471455e+01 3
130 21 4.582733e+02 1.726509e+02 7.409196e+01 2.960334e+01 3
130 19 5.708695e+02 1.682699e+02 5.655071e+01 2.700846e+01 3
130 49 5.967371e+02 1.753629e+02 5.210093e+01 2.373673e+01 3
130 20 8.517478e+02 1.680857e+02 1.901084e+01 5.446672e+01 3
140 18 2.073375e+02 1.813782e+02 1.302440e+02 4.315957e+01 3
140 19 3.323873e+02 1.668383e+02 9.825327e+01 4.101340e+01 3
140 21 4.365506e+02 1.758104e+02 8.059340e+01 3.364377e+01 3
140 22 5.413692e+02 1.764721e+02 4.030380e+01 2.148014e+01 3
140 49 5.735898e+02 1.756591e+02 5.357670e+01 2.572097e+01 3
140 23 6.285891e+02 1.721034e+02 3.116220e+01 1.971305e+01 3
140 20 8.846147e+02 1.634736e+02 3.263249e+01 8.182264e+01 2
150 19 1 1.650868e+02 1.753728e+01 8.987855e+01 3
150 18 2.041780e+02 1.876683e+02 1.476827e+02 5.172619e+01 3
150 22 3.209625e+02 1.824112e+02 9.030411e+01 3.522760e+01 3
150 21 4.368249e+02 1.796508e+02 8.694046e+01 3.852634e+01 3
150 23 5.076021e+02 1.757716e+02 5.043859e+01 2.747976e+01 3
150 49 5.741418e+02 1.797019e+02 5.376825e+01 2.771430e+01 3
150 24 5.925036e+02 1.736935e+02 2.928339e+01 2.266735e+01 3
150 50 7.198852e+02 1.775230e+02 2.525472e+01 1.626406e+01 3
150 20 1.098790e+03 1.426188e+02 8.693689e+01 1.703644e+02 2
160 18 2.172349e+02 1.861739e+02 1.605461e+02 5.914233e+01 3
160 23 2.921664e+02 1.734984e+02 1.051260e+02 4.527374e+01 3
160 21 4.614463e+02 1.758358e+02 8.680412e+01 4.094355e+01 3
160 24 4.936611e+02 1.676244e+02 5.177663e+01 3.150308e+01 3
160 49 5.820403e+02 1.724180e+02 5.200892e+01 2.873415e+01 3
160 50 6.945069e+02 1.698320e+02 2.505385e+01 1.720847e+01 3
170 18 2.808339e+02 1.888378e+02 1.540330e+02 6.121241e+01 3
170 24 3.396822e+02 1.711784e+02 9.432623e+01 4.801319e+01 3
170 27 4.988247e+02 1.770962e+02 3.604054e+01 2.622754e+01 3
170 21 5.156180e+02 1.743396e+02 7.961126e+01 3.992596e+01 3
170 49 6.048418e+02 1.723604e+02 4.732791e+01 2.854817e+01 3
170 50 6.854385e+02 1.700072e+02 2.298582e+01 1.778747e+01 3
170 18 2.808339e+02 1.888378e+02 1.540330e+02 6.121241e+01 3
170 24 3.396822e+02 1.711784e+02 9.432623e+01 4.801319e+01 3
170 27 4.988247e+02 1.770962e+02 3.604054e+01 2.622754e+01 3
170 21 5.156180e+02 1.743396e+02 7.961126e+01 3.992596e+01 3
170 49 6.048418e+02 1.723604e+02 4.732791e+01 2.854817e+01 3
170 50 6.854385e+02 1.700072e+02 2.298582e+01 1.778747e+01 3
180 24 1 1.733655e+02 2.225844e+02 8.840960e+01 3
180 25 1 1.154605e+02 3.794660e+02 2.595395e+02 2
180 18 4.025591e+02 1.876340e+02 1.207990e+02 5.413917e+01 3
180 27 4.173572e+02 1.808826e+02 6.316677e+01 3.608103e+01 3
180 28 5.482874e+02 1.714662e+02 2.952307e+01 2.710283e+01 3
180 21 6.104991e+02 1.758896e+02 6.503206e+01 3.534839e+01 3
180 49 6.402557e+02 1.729137e+02 4.395790e+01 2.656120e+01 3
180 50 6.945312e+02 1.731226e+02 2.067509e+01 1.764423e+01 3
190 27 2.529599e+02 1.837600e+02 1.145400e+02 5.467363e+01 3
190 29 4.734147e+02 1.845053e+02 3.965231e+01 2.683841e+01 3
190 28 5.141979e+02 1.697252e+02 4.185695e+01 3.356415e+01 3
190 18 5.154132e+02 1.815680e+02 8.378696e+01 4.236152e+01 3
190 25 5.157286e+02 1.505280e+02 1.452432e+02 9.437599e+01 3
190 49 6.632372e+02 1.750579e+02 3.702580e+01 2.441560e+01 3
190 21 6.883801e+02 1.749656e+02 4.346786e+01 2.792070e+01 3
200 26 1 1.980016e+02 2.820393e+02 1.494421e+02 3
200 27 1 1.849584e+02 1.004879e+02 1.018212e+02 3
200 29 3.875329e+02 1.816383e+02 6.445872e+01 3.533215e+01 3
200 28 4.626962e+02 1.644977e+02 5.989848e+01 4.263314e+01 3
200 30 5.364122e+02 1.482808e+02 4.148421e+01 4.730856e+01 3
200 18 5.951298e+02 1.745771e+02 5.916553e+01 3.259821e+01 3
200 25 6.609648e+02 1.516456e+02 6.946884e+01 5.501861e+01 3
200 49 6.766719e+02 1.708437e+02 3.136518e+01 2.255896e+01 3
210 29 2.247769e+02 1.884171e+02 1.112089e+02 5.168806e+01 3
210 26 3.087123e+02 1.841982e+02 1.834967e+02 7.485809e+01 3
210 28 3.891353e+02 1.608515e+02 8.735127e+01 5.440646e+01 3
210 30 5.150226e+02 1.436885e+02 5.746893e+01 5.609978e+01 3
210 18 6.450981e+02 1.736511e+02 4.388266e+01 2.593337e+01 3
210 49 6.875591e+02 1.713917e+02 2.580955e+01 2.032837e+01 3
210 25 7.109985e+02 1.572429e+02 4.047341e+01 3.770347e+01 3
220 29 1 1.970259e+02 6.450947e+01 9.234797e+01 3
220 28 2.640682e+02 1.576707e+02 1.397710e+02 7.393167e+01 3
220 30 4.796485e+02 1.403456e+02 8.290768e+01 6.623249e+01 3
220 26 4.890790e+02 1.802397e+02 1.035179e+02 4.817100e+01 3
220 18 6.741129e+02 1.739712e+02 3.294482e+01 2.124535e+01 3
220 25 7.335466e+02 1.617183e+02 2.837488e+01 2.829923e+01 3
230 28 1 1.521931e+02 2.633318e+02 1.136100e+02 3
230 31 1 1.991362e+02 3.877518e+02 1.758638e+02 3
230 30 4.191410e+02 1.308232e+02 1.256586e+02 8.462073e+01 3
230 48 5.722773e+02 1.592257e+02 6.095471e+01 2.881519e+01 3
230 26 5.793050e+02 1.771131e+02 6.813550e+01 3.498045e+01 3
230 18 6.916799e+02 1.734259e+02 2.346847e+01 1.802327e+01 3
230 25 7.352027e+02 1.643988e+02 2.321698e+01 2.257981e+01 3
240 30 3.094708e+02 1.149048e+02 2.062102e+02 1.139411e+02 3
240 34 5.176788e+02 1.809020e+02 2.804030e+01 1.984118e+01 3
240 48 5.793224e+02 1.590436e+02 6.273837e+01 2.919232e+01 3
240 31 5.880009e+02 1.758417e+02 9.592153e+01 5.406964e+01 3
240 26 6.320770e+02 1.758720e+02 4.632502e+01 2.730995e+01 3
240 18 6.949798e+02 1.730313e+02 2.045777e+01 1.650789e+01 3
240 25 7.236326e+02 1.655831e+02 2.300560e+01 1.952941e+01 3
250 33 1 1.861459e+02 1.544348e+02 1.888541e+02 3
250 30 9.407910e+01 8.772863e+01 3.730537e+02 1.693009e+02 3
250 32 1.009484e+02 1.885930e+02 3.682931e+02 1.864070e+02 3
250 34 4.911545e+02 1.820778e+02 3.353277e+01 2.389479e+01 3
250 48 5.883917e+02 1.585693e+02 6.090209e+01 2.998131e+01 3
250 26 6.639296e+02 1.747588e+02 3.197139e+01 2.236929e+01 3
250 31 6.904852e+02 1.720655e+02 4.648523e+01 3.177277e+01 3
260 30 1 7.872805e+00 3.714903e+02 3.243558e+02 3
260 34 4.443657e+02 1.825574e+02 4.585494e+01 2.910977e+01 3
260 33 4.678876e+02 1.771408e+02 1.134206e+02 5.802615e+01 3
260 37 5.288552e+02 1.805677e+02 2.474126e+01 1.953218e+01 3
260 48 5.930734e+02 1.578685e+02 6.096861e+01 3.065911e+01 3
260 32 6.339991e+02 1.726161e+02 7.523444e+01 4.922604e+01 3
260 26 6.845155e+02 1.734295e+02 2.647810e+01 1.860418e+01 3
270 34 3.719678e+02 1.835921e+02 6.543804e+01 3.690666e+01 3
270 37 4.998127e+02 1.804230e+02 3.395439e+01 2.335348e+01 3
270 48 5.952452e+02 1.571401e+02 6.304555e+01 3.117584e+01 3
270 33 6.158077e+02 1.723724e+02 5.425524e+01 3.361494e+01 3
270 26 6.942279e+02 1.732058e+02 1.892190e+01 1.582474e+01 3
270 32 7.124486e+02 1.705044e+02 3.644327e+01 2.881517e+01 3
280 34 2.355335e+02 1.866498e+02 1.047671e+02 5.096972e+01 3
280 37 4.525350e+02 1.815668e+02 4.621508e+01 2.868442e+01 3
280 48 5.966517e+02 1.566911e+02 6.476938e+01 3.156581e+01 3
280 33 6.694832e+02 1.719385e+02 3.407448e+01 2.395457e+01 3
280 32 7.346319e+02 1.706537e+02 2.282549e+01 2.051556e+01 3
290 34 1 1.941548e+02 1.183016e+02 8.430817e+01 3
290 37 3.817539e+02 1.822576e+02 6.536112e+01 3.642556e+01 3
290 40 4.950931e+02 1.807361e+02 4.192824e+01 2.298809e+01 3
290 35 5.224297e+02 1.656193e+02 1.354046e+02 9.104534e+01 3
290 48 5.968338e+02 1.566912e+02 6.588056e+01 3.174600e+01 3
290 33 6.891144e+02 1.713843e+02 2.185901e+01 1.871513e+01 3
290 32 7.343217e+02 1.711791e+02 1.787124e+01 1.601600e+01 3
300 38 1 1.930691e+02 7.891613e+01 1.819309e+02 3
300 36 8.258413e+01 1.476195e+02 4.113068e+02 2.218234e+02 3
300 37 2.458827e+02 1.857223e+02 1.040843e+02 5.046321e+01 3
300 40 4.378331e+02 1.812411e+02 6.009285e+01 2.960271e+01 3
300 48 5.970190e+02 1.566913e+02 6.700150e+01 3.192815e+01 3
300 35 6.783707e+02 1.648748e+02 5.733593e+01 4.534163e+01 3
310 37 1 1.907032e+02 1.432259e+02 8.299108e+01 3
310 40 3.347214e+02 1.841396e+02 9.717522e+01 4.000485e+01 3
310 38 4.441114e+02 1.753104e+02 1.172330e+02 6.045266e+01 3
310 42 4.945406e+02 1.805130e+02 3.826666e+01 2.557728e+01 3
310 48 5.965591e+02 1.570544e+02 6.750978e+01 3.186553e+01 3
310 36 6.034038e+02 1.614829e+02 9.923350e+01 6.704589e+01 3
310 35 7.225953e+02 1.660972e+02 3.315009e+01 3.040890e+01 3
320 40 1.436396e+02 1.867732e+02 1.736334e+02 5.891484e+01 3
320 39 4.143130e+02 1.306605e+02 1.676952e+02 1.114385e+02 3
320 42 4.302542e+02 1.818148e+02 5.922620e+01 3.344107e+01 3
320 48 5.958281e+02 1.575683e+02 6.774990e+01 3.169887e+01 3
320 38 6.075314e+02 1.727309e+02 5.532607e+01 3.450716e+01 3
320 36 6.976922e+02 1.629530e+02 4.888102e+01 3.967520e+01 3
330 40 1 1.967430e+02 9.038393e+01 1.037197e+02 3
330 42 3.077441e+02 1.836390e+02 9.911630e+01 4.673454e+01 3
330 43 4.536694e+02 1.812071e+02 5.136963e+01 2.884676e+01 3
330 45 5.455501e+02 1.718203e+02 2.385331e+01 2.521140e+01 3
330 41 5.455729e+02 1.771953e+02 1.111342e+02 6.599549e+01 3
330 48 5.960144e+02 1.579124e+02 6.840266e+01 3.166093e+01 3
330 39 6.062095e+02 1.436770e+02 7.303151e+01 6.078550e+01 3
330 38 6.722437e+02 1.716507e+02 3.024981e+01 2.431818e+01 3
330 36 7.278049e+02 1.655276e+02 3.066080e+01 2.826295e+01 3
340 42 4.630901e+01 1.879146e+02 1.986162e+02 7.380114e+01 3
340 43 3.573072e+02 1.823723e+02 8.216252e+01 3.988544e+01 3
340 44 4.750617e+02 1.719204e+02 4.779691e+01 3.388259e+01 3
340 45 5.302804e+02 1.698294e+02 3.197741e+01 3.021493e+01 3
340 48 5.974788e+02 1.574943e+02 6.828819e+01 3.180865e+01 3
340 39 6.680325e+02 1.534583e+02 3.934598e+01 4.248125e+01 3
340 41 6.828930e+02 1.722901e+02 4.780359e+01 3.454472e+01 3
340 36 7.368496e+02 1.665908e+02 2.293969e+01 2.193828e+01 3
350 43 1.526990e+02 1.854505e+02 1.567680e+02 6.118998e+01 3
350 44 3.922658e+02 1.712351e+02 7.310334e+01 4.591458e+01 3
350 45 4.987007e+02 1.674977e+02 4.398495e+01 3.763234e+01 3
350 48 5.988594e+02 1.565560e+02 6.675618e+01 3.195051e+01 3
350 39 6.890036e+02 1.577404e+02 2.822714e+01 3.333471e+01 3
350 41 7.227599e+02 1.712132e+02 2.901053e+01 2.350678e+01 3
360 44 2.175177e+02 1.707914e+02 1.366016e+02 6.789255e+01 3
360 45 4.331402e+02 1.659729e+02 6.849030e+01 4.918022e+01 3
360 48 5.984956e+02 1.567249e+02 6.559626e+01 3.198331e+01 3
360 39 6.966122e+02 1.609252e+02 2.054850e+01 2.823415e+01 3
370 44 1 1.754200e+02 9.081465e+01 1.286447e+02 3
370 45 2.923563e+02 1.708055e+02 1.216970e+02 7.179516e+01 3
370 46 4.018237e+02 1.891230e+02 1.488114e+02 7.241057e+01 3
370 47 4.051066e+02 1.494649e+02 2.101088e+02 1.439946e+02 2
370 48 5.956154e+02 1.659625e+02 6.558631e+01 3.219542e+01 3
370 39 6.919799e+02 1.714151e+02 1.916447e+01 2.548807e+01 3
380 45 1 1.518774e+02 1.791327e+02 1.436532e+02 3
380 48 5.806028e+02 1.678902e+02 6.513530e+01 3.315538e+01 3
380 46 5.914896e+02 1.844918e+02 6.762759e+01 4.006208e+01 3
380 47 6.483869e+02 1.663981e+02 7.461012e+01 6.481766e+01 2
390 48 5.183952e+02 1.672280e+02 7.465576e+01 3.565977e+01 2
390 46 6.039928e+02 1.862495e+02 4.223742e+01 2.989006e+01 3
390 47 6.624361e+02 1.754021e+02 4.109860e+01 4.484973e+01 3
400 48 4.543025e+02 1.689325e+02 7.910420e+01 3.930933e+01 2
400 46 5.721694e+02 1.904878e+02 3.311223e+01 2.601425e+01 3
400 47 6.282277e+02 1.818133e+02 3.183212e+01 3.678697e+01 3
410 48 3.923227e+02 1.645804e+02 8.510289e+01 4.630420e+01 2
410 46 5.264160e+02 1.918281e+02 2.705020e+01 2.458256e+01 3
410 47 5.767682e+02 1.843480e+02 3.400761e+01 3.354047e+01 3
420 48 3.348684e+02 1.520809e+02 9.602806e+01 5.844802e+01 1
420 46 4.857800e+02 1.837728e+02 3.092303e+01 2.391786e+01 3
420 47 5.355297e+02 1.749383e+02 3.451644e+01 3.256875e+01 3
430 48 2.920393e+02 1.392611e+02 8.519619e+01 8.027375e+01 2
430 46 4.537020e+02 1.826849e+02 3.317605e+01 2.519102e+01 3
430 47 5.046977e+02 1.733596e+02 3.702146e+01 3.374443e+01 3
