0 7 1.114833e+01 1.754118e+02 2.113179e+02 8.647012e+01 3
0 48 1.134310e+02 1.668560e+02 1.981704e+01 6.359383e+01 3
0 8 1.626678e+02 1.684753e+02 1.269098e+02 6.523036e+01 3
0 1 5.646239e+02 1.723702e+02 8.963401e+01 8.478315e+01 1
0 46 6.555702e+02 1.705194e+02 2.610326e+01 4.019469e+01 1
0 6 7.172911e+02 1.754619e+02 1.338923e+02 5.960314e+01 3
0 5 7.197387e+02 1.645063e+02 1.840682e+02 8.513038e+01 3
0 4 7.776118e+02 1.747241e+02 2.060863e+02 1.080943e+02 3
0 3 8.845258e+02 1.664821e+02 2.572409e+02 1.744460e+02 3
0 49 8.960449e+02 1.606891e+02 1.179955e+01 3.761133e+01 3
0 50 9.012076e+02 1.685485e+02 8.119625e+00 2.801370e+01 3
10 8 1 1.676799e+02 1.973312e+02 9.303243e+01 3
10 9 5.284792e+02 1.680017e+02 2.739372e+01 2.238385e+01 3
10 1 5.640955e+02 1.706202e+02 1.054300e+02 9.968059e+01 1
10 46 7.095448e+02 1.656900e+02 3.014111e+01 4.764642e+01 1
10 6 7.700719e+02 1.735459e+02 1.845774e+02 8.757198e+01 3
10 5 7.922489e+02 1.572669e+02 2.771847e+02 1.432095e+02 3
10 50 9.407427e+02 1.671444e+02 9.330553e+00 3.154157e+01 3
10 4 9.475428e+02 1.711468e+02 2.944572e+02 2.038532e+02 3
10 49 9.540392e+02 1.614367e+02 1.495199e+01 4.428033e+01 3
20 54 7.754935e+01 1.892705e+02 9.050515e+01 3.035516e+01 3
20 9 5.065639e+02 1.708106e+02 3.556044e+01 2.837575e+01 2
20 1 5.604210e+02 1.718663e+02 1.162765e+02 1.099200e+02 1
20 46 7.616576e+02 1.653192e+02 3.568853e+01 5.458387e+01 1
20 6 8.467967e+02 1.754386e+02 2.481769e+02 1.382763e+02 3
20 47 9.165815e+02 1.676472e+02 2.328808e+01 3.839587e+01 3
20 5 9.491580e+02 1.565368e+02 2.928420e+02 2.184632e+02 3
20 50 9.796588e+02 1.692079e+02 1.083906e+01 3.523244e+01 3
20 49 1.008969e+03 1.614542e+02 1.867060e+01 5.156088e+01 3
20 54 7.754935e+01 1.892705e+02 9.050515e+01 3.035516e+01 3
20 9 5.065639e+02 1.708106e+02 3.556044e+01 2.837575e+01 2
20 1 5.604210e+02 1.718663e+02 1.162765e+02 1.099200e+02 1
20 46 7.616576e+02 1.653192e+02 3.568853e+01 5.458387e+01 1
20 6 8.467967e+02 1.754386e+02 2.481769e+02 1.382763e+02 3
20 47 9.165815e+02 1.676472e+02 2.328808e+01 3.839587e+01 3
20 5 9.491580e+02 1.565368e+02 2.928420e+02 2.184632e+02 3
20 50 9.796588e+02 1.692079e+02 1.083906e+01 3.523244e+01 3
20 49 1.008969e+03 1.614542e+02 1.867060e+01 5.156088e+01 3
30 54 1.012072e+01 1.911209e+02 1.045760e+02 3.416398e+01 3
30 9 4.705701e+02 1.723223e+02 4.962876e+01 3.778496e+01 2
30 1 5.668821e+02 1.761723e+02 1.092120e+02 1.031400e+02 1
30 46 8.272891e+02 1.675340e+02 4.157399e+01 6.292915e+01 2
30 47 9.493307e+02 1.720861e+02 2.735036e+01 4.624632e+01 3
30 50 1.019493e+03 1.680343e+02 1.237501e+01 3.924985e+01 3
30 6 1.030586e+03 1.819657e+02 2.114141e+02 1.930343e+02 3
30 49 1.073939e+03 1.606019e+02 2.337296e+01 6.036247e+01 3
40 54 1 2.013456e+02 4.262286e+01 3.976401e+01 2
40 9 3.995971e+02 1.756473e+02 8.117242e+01 5.637708e+01 2
40 1 5.702537e+02 1.844856e+02 8.844727e+01 8.485874e+01 1
40 46 9.165757e+02 1.707426e+02 4.663090e+01 7.432268e+01 2
40 47 9.819734e+02 1.766995e+02 3.435502e+01 5.757321e+01 3
40 50 1.063872e+03 1.719112e+02 1.396134e+01 4.407653e+01 3
40 49 1.159042e+03 1.594691e+02 3.043377e+01 7.236370e+01 3
50 9 1.732806e+02 1.651143e+02 2.188907e+02 1.217801e+02 2
50 10 4.116559e+02 1.891581e+02 4.257772e+01 2.226079e+01 2
50 11 4.748452e+02 1.872908e+02 2.330128e+01 1.591315e+01 3
50 1 5.706417e+02 1.845203e+02 7.046212e+01 6.754029e+01 1
50 13 6.294336e+02 1.800135e+02 3.726714e+01 1.646481e+01 3
50 47 1.069155e+03 1.748520e+02 4.689171e+01 8.090199e+01 3
50 46 1.098281e+03 1.632485e+02 5.638827e+01 9.915895e+01 3
50 50 1.143394e+03 1.677593e+02 1.784758e+01 5.214923e+01 3
60 10 3.851638e+02 1.875899e+02 5.084579e+01 2.566780e+01 3
60 11 4.662100e+02 1.857969e+02 2.600280e+01 1.730836e+01 3
60 1 5.782999e+02 1.835926e+02 5.990111e+01 5.723765e+01 1
60 13 6.338280e+02 1.787486e+02 4.077210e+01 1.803937e+01 3
70 10 3.299769e+02 1.874128e+02 6.851661e+01 3.225645e+01 3
70 11 4.456941e+02 1.827403e+02 3.169986e+01 1.984152e+01 3
70 12 4.601863e+02 1.788592e+02 3.075251e+01 1.986442e+01 3
70 1 5.850160e+02 1.761336e+02 5.332048e+01 5.040605e+01 1
70 13 6.393518e+02 1.713675e+02 4.632901e+01 2.035811e+01 3
80 10 2.164469e+02 1.956534e+02 1.061754e+02 4.736488e+01 3
80 11 4.107595e+02 1.877491e+02 4.130491e+01 2.426754e+01 3
80 12 4.316684e+02 1.830773e+02 3.829946e+01 2.373511e+01 3
80 1 5.856578e+02 1.806239e+02 4.838790e+01 4.579426e+01 1
80 15 6.338320e+02 1.789404e+02 5.352948e+01 1.991464e+01 3
80 13 6.451220e+02 1.774087e+02 5.531788e+01 2.462383e+01 3
90 10 1 1.922894e+02 1.687275e+02 8.195064e+01 3
90 11 3.636845e+02 1.818967e+02 5.686321e+01 3.007366e+01 3
90 12 3.939488e+02 1.779542e+02 5.000994e+01 2.909275e+01 3
90 1 5.896797e+02 1.749086e+02 4.446089e+01 4.203017e+01 1
90 15 6.427415e+02 1.740888e+02 6.505649e+01 2.405466e+01 3
90 14 6.567016e+02 1.724620e+02 6.581099e+01 2.754003e+01 3
90 13 6.581612e+02 1.728269e+02 6.783588e+01 3.069851e+01 3
100 11 2.715104e+02 1.910281e+02 8.595300e+01 4.346905e+01 3
100 12 3.292079e+02 1.861906e+02 7.237242e+01 3.973329e+01 3
100 1 5.932921e+02 1.807797e+02 4.281072e+01 4.053173e+01 1
100 16 6.507491e+02 1.795668e+02 7.130431e+01 3.238307e+01 3
100 15 6.570612e+02 1.814648e+02 8.292195e+01 3.184732e+01 3
100 14 6.750832e+02 1.817906e+02 8.741545e+01 3.754886e+01 3
100 13 6.832739e+02 1.788012e+02 9.025914e+01 4.295669e+01 3
110 11 1.687700e+01 1.925201e+02 1.914024e+02 7.663712e+01 3
110 12 1.797380e+02 1.829177e+02 1.326840e+02 6.050491e+01 3
110 32 5.025291e+02 1.778245e+02 2.155239e+01 1.565171e+01 3
110 22 5.416351e+02 1.804372e+02 1.704568e+01 1.305868e+01 3
110 1 5.945276e+02 1.777556e+02 4.220990e+01 3.992120e+01 1
110 27 6.334920e+02 1.728898e+02 4.296113e+01 1.898688e+01 3
110 18 6.592297e+02 1.745779e+02 8.041296e+01 3.582653e+01 3
110 16 6.695323e+02 1.756301e+02 9.647695e+01 4.524091e+01 3
110 15 6.802035e+02 1.788988e+02 1.129663e+02 4.679382e+01 3
110 14 7.145445e+02 1.758478e+02 1.306520e+02 5.829941e+01 3
110 13 7.309222e+02 1.734184e+02 1.394093e+02 7.132177e+01 3
120 56 4.625683e+02 1.771687e+02 1.736768e+01 1.418684e+01 3
120 32 4.837097e+02 1.758557e+02 2.602918e+01 1.822531e+01 3
120 22 5.136141e+02 1.804840e+02 2.570381e+01 1.880062e+01 3
120 1 5.957706e+02 1.760382e+02 4.309458e+01 4.075649e+01 1
120 27 6.374289e+02 1.699789e+02 4.930830e+01 2.237558e+01 3
120 24 6.444697e+02 1.741861e+02 5.771382e+01 2.172453e+01 3
120 23 6.567475e+02 1.740854e+02 6.975040e+01 2.714568e+01 3
120 20 6.756818e+02 1.747463e+02 9.250340e+01 3.524190e+01 3
120 18 6.839595e+02 1.709778e+02 1.175334e+02 5.341633e+01 3
120 17 6.989837e+02 1.743608e+02 1.350743e+02 5.874867e+01 3
120 16 7.117131e+02 1.701275e+02 1.485096e+02 7.843579e+01 3
120 15 7.492611e+02 1.755493e+02 1.899091e+02 9.122122e+01 3
120 14 8.402543e+02 1.724003e+02 2.491008e+02 1.372203e+02 3
120 13 9.703399e+02 1.611557e+02 2.716601e+02 2.138443e+02 3
130 56 4.343929e+02 1.773261e+02 2.120569e+01 1.647899e+01 3
130 22 4.383440e+02 1.837428e+02 5.096266e+01 3.359822e+01 3
130 32 4.560584e+02 1.762657e+02 3.266473e+01 2.175762e+01 3
130 21 5.179389e+02 1.791652e+02 2.353087e+01 1.575001e+01 3
130 1 5.936561e+02 1.754974e+02 4.435758e+01 4.196001e+01 1
130 27 6.396429e+02 1.682991e+02 5.893949e+01 2.709805e+01 3
130 24 6.530907e+02 1.736201e+02 7.358216e+01 2.833313e+01 3
130 23 6.704883e+02 1.728871e+02 9.253297e+01 3.704250e+01 3
130 20 7.057961e+02 1.750287e+02 1.369589e+02 5.565338e+01 3
130 19 7.364654e+02 1.757772e+02 1.440154e+02 7.222795e+01 3
130 18 7.486297e+02 1.656433e+02 1.980241e+02 1.055808e+02 3
130 17 7.985734e+02 1.741340e+02 2.598551e+02 1.420705e+02 3
130 16 9.288551e+02 1.580004e+02 3.131449e+02 2.169996e+02 3
140 22 1 1.982757e+02 2.582539e+02 1.342207e+02 3
140 56 3.975766e+02 1.775765e+02 2.689330e+01 1.965419e+01 3
140 32 4.191396e+02 1.750271e+02 4.240394e+01 2.655415e+01 3
140 34 4.434101e+02 1.748242e+02 3.419066e+01 2.256481e+01 3
140 21 4.597068e+02 1.809678e+02 4.199320e+01 2.554444e+01 3
140 40 4.965380e+02 1.764465e+02 2.352585e+01 1.411836e+01 3
140 1 5.908681e+02 1.748448e+02 4.625279e+01 4.375911e+01 1
140 27 6.431359e+02 1.666464e+02 7.334550e+01 3.413065e+01 3
140 24 6.659127e+02 1.738876e+02 9.917031e+01 3.973180e+01 3
140 23 6.983080e+02 1.708600e+02 1.333517e+02 5.711471e+01 3
140 20 8.165085e+02 1.774335e+02 2.528027e+02 1.289989e+02 3
140 19 9.636674e+02 1.716043e+02 2.783326e+02 2.033957e+02 3
150 57 9.342734e+01 1.792141e+02 4.183401e+01 2.763706e+01 3
150 21 2.681520e+02 1.897150e+02 1.216944e+02 6.434552e+01 3
150 56 3.544677e+02 1.769450e+02 3.569172e+01 2.406418e+01 3
150 32 3.729223e+02 1.750574e+02 5.767555e+01 3.380229e+01 3
150 34 4.112581e+02 1.759170e+02 4.453877e+01 2.790086e+01 3
150 36 4.418629e+02 1.794091e+02 3.479625e+01 1.979448e+01 3
150 40 4.851223e+02 1.755977e+02 2.756826e+01 1.619900e+01 3
150 33 5.230129e+02 1.589096e+02 3.476454e+01 3.121625e+01 3
150 1 5.928474e+02 1.728443e+02 5.014120e+01 4.742679e+01 1
150 29 6.428517e+02 1.710105e+02 4.981545e+01 2.020245e+01 3
150 28 6.518031e+02 1.725313e+02 7.219169e+01 2.880330e+01 3
150 27 6.591397e+02 1.610514e+02 9.340173e+01 4.536036e+01 3
150 26 6.986570e+02 1.676261e+02 1.010978e+02 4.971071e+01 3
150 25 7.013142e+02 1.732602e+02 1.201377e+02 5.399677e+01 3
150 24 7.073597e+02 1.723569e+02 1.499380e+02 6.463435e+01 3
150 23 7.917689e+02 1.678408e+02 2.335832e+02 1.204204e+02 3
160 56 2.911419e+02 1.774340e+02 5.122873e+01 3.041270e+01 3
160 32 2.926972e+02 1.745752e+02 8.632223e+01 4.565243e+01 3
160 34 3.568933e+02 1.758303e+02 6.127412e+01 3.579139e+01 3
160 36 4.055406e+02 1.800508e+02 4.611851e+01 2.444091e+01 3
160 40 4.684602e+02 1.746605e+02 3.488706e+01 1.888537e+01 3
160 33 4.807145e+02 1.528037e+02 5.100502e+01 4.635315e+01 3
160 1 5.939739e+02 1.715343e+02 5.785632e+01 5.468008e+01 1
160 29 6.509573e+02 1.701869e+02 5.904259e+01 2.422585e+01 3
160 28 6.689182e+02 1.705871e+02 9.250075e+01 3.836520e+01 3
160 27 6.845078e+02 1.556230e+02 1.296007e+02 6.611139e+01 3
160 26 7.546748e+02 1.612727e+02 1.535795e+02 8.253460e+01 3
160 25 7.752440e+02 1.705606e+02 1.968840e+02 1.038854e+02 3
160 24 8.395569e+02 1.697649e+02 2.697909e+02 1.618084e+02 3
170 32 1.614964e+02 1.723681e+02 1.417482e+02 6.477160e+01 3
170 56 2.026172e+02 1.794623e+02 7.162446e+01 3.884300e+01 3
170 34 2.785984e+02 1.758784e+02 8.858168e+01 4.684311e+01 3
170 36 3.534863e+02 1.815463e+02 6.160297e+01 3.047751e+01 3
170 33 3.597388e+02 1.349342e+02 1.096525e+02 8.831639e+01 3
170 40 4.432109e+02 1.738669e+02 4.087945e+01 2.194792e+01 3
170 41 4.660990e+02 1.692091e+02 3.003336e+01 2.395581e+01 3
170 44 4.947909e+02 1.711930e+02 2.977444e+01 1.747471e+01 3
170 1 5.892936e+02 1.710283e+02 6.970504e+01 6.587612e+01 1
170 30 6.559385e+02 1.690979e+02 4.852631e+01 2.244317e+01 3
170 29 6.627579e+02 1.672898e+02 7.033154e+01 2.932134e+01 3
170 28 6.899007e+02 1.680603e+02 1.185457e+02 5.297786e+01 3
170 27 7.285395e+02 1.439111e+02 1.883494e+02 1.060980e+02 3
170 26 9.038636e+02 1.526567e+02 2.646822e+02 1.833596e+02 3
180 32 1 1.769654e+02 2.073682e+02 9.171590e+01 3
180 56 1.129947e+02 1.811056e+02 9.513474e+01 4.766911e+01 3
180 34 1.879991e+02 1.823370e+02 1.237677e+02 6.060440e+01 3
180 36 3.053025e+02 1.869602e+02 7.846567e+01 3.759336e+01 3
180 40 4.261797e+02 1.800001e+02 4.762907e+01 2.476663e+01 3
180 41 4.520580e+02 1.747302e+02 3.544550e+01 2.665196e+01 3
180 44 4.861939e+02 1.757537e+02 3.301712e+01 1.909719e+01 3
180 45 5.263868e+02 1.766582e+02 3.187003e+01 1.436967e+01 3
180 1 5.880501e+02 1.766883e+02 8.241250e+01 7.786816e+01 1
180 31 6.508261e+02 1.746275e+02 5.126786e+01 2.022950e+01 3
180 30 6.588557e+02 1.736502e+02 5.396210e+01 2.520629e+01 3
180 29 6.735380e+02 1.714239e+02 8.126488e+01 3.442204e+01 3
180 28 7.181738e+02 1.715750e+02 1.591545e+02 7.324789e+01 3
180 27 8.140015e+02 1.315332e+02 2.677825e+02 1.906245e+02 3
180 51 1.127256e+03 1.834806e+02 1.147445e+02 4.144795e+01 3
190 56 1 1.805421e+02 1.139141e+02 6.121230e+01 3
190 34 7.673853e+01 1.775425e+02 1.735162e+02 7.658994e+01 3
190 36 2.474082e+02 1.843260e+02 1.009267e+02 4.479877e+01 3
190 52 3.143471e+02 1.742665e+02 5.692566e+01 2.839313e+01 3
190 40 4.057605e+02 1.756150e+02 5.353485e+01 2.768589e+01 3
190 41 4.379122e+02 1.702632e+02 3.894788e+01 2.954961e+01 3
190 44 4.783174e+02 1.722778e+02 3.575276e+01 2.049952e+01 3
190 45 5.227069e+02 1.725791e+02 3.409286e+01 1.533427e+01 3
190 1 5.875735e+02 1.728383e+02 9.988666e+01 9.434656e+01 1
190 31 6.556906e+02 1.707765e+02 5.584921e+01 2.207261e+01 3
190 30 6.687006e+02 1.709341e+02 5.946715e+01 2.803567e+01 3
190 29 6.863744e+02 1.675221e+02 9.092095e+01 3.990938e+01 3
190 28 7.631419e+02 1.676250e+02 2.079469e+02 1.054501e+02 3
200 34 1 1.814872e+02 1.788263e+02 9.689987e+01 3
200 56 1 1.847577e+02 3.708168e+01 7.360922e+01 3
200 36 1.934389e+02 1.888490e+02 1.215453e+02 5.260174e+01 3
200 52 2.882856e+02 1.781812e+02 6.447590e+01 3.085637e+01 3
200 40 3.875171e+02 1.806478e+02 5.924327e+01 3.003232e+01 3
200 41 4.250080e+02 1.734054e+02 4.270324e+01 3.152433e+01 3
200 44 4.708073e+02 1.756353e+02 3.840743e+01 2.179523e+01 3
200 45 5.180502e+02 1.762544e+02 3.575104e+01 1.602430e+01 3
200 1 5.830231e+02 1.764193e+02 1.165700e+02 1.101194e+02 1
200 31 6.577290e+02 1.731837e+02 5.944034e+01 2.368084e+01 3
200 30 6.741063e+02 1.734825e+02 6.364396e+01 3.052269e+01 3
200 29 6.941210e+02 1.708792e+02 1.007735e+02 4.477597e+01 3
200 28 8.209960e+02 1.726415e+02 2.529906e+02 1.499299e+02 3
210 34 1 1.860536e+02 1.002608e+02 1.252121e+02 3
210 36 1.300325e+02 1.920059e+02 1.486723e+02 6.138549e+01 3
210 55 2.458143e+02 1.772080e+02 7.533817e+01 2.498990e+01 3
210 52 2.632125e+02 1.783683e+02 7.078379e+01 3.327800e+01 3
210 40 3.711330e+02 1.808213e+02 6.693193e+01 3.244197e+01 3
210 41 4.147839e+02 1.735949e+02 4.584054e+01 3.355993e+01 3
210 44 4.641488e+02 1.759378e+02 4.082145e+01 2.295009e+01 3
210 45 5.162666e+02 1.760836e+02 3.759904e+01 1.663884e+01 3
210 1 5.801582e+02 1.743641e+02 1.417106e+02 1.338033e+02 1
210 35 5.962944e+02 1.728048e+02 2.034708e+01 1.333939e+01 3
210 31 6.628874e+02 1.741074e+02 6.283598e+01 2.526539e+01 3
210 30 6.798101e+02 1.734130e+02 6.710593e+01 3.293679e+01 3
210 29 7.033071e+02 1.704245e+02 1.129827e+02 4.993486e+01 3
210 28 9.177958e+02 1.655751e+02 3.150604e+02 2.094249e+02 3
220 36 7.863221e+01 1.927577e+02 1.726822e+02 6.825736e+01 3
220 55 2.316167e+02 1.781587e+02 7.919559e+01 2.601674e+01 3
220 52 2.445851e+02 1.766414e+02 7.546848e+01 3.524189e+01 3
220 40 3.605440e+02 1.800169e+02 6.956596e+01 3.416603e+01 3
220 41 4.066063e+02 1.723774e+02 4.885345e+01 3.513583e+01 3
220 44 4.601470e+02 1.745251e+02 4.230133e+01 2.364908e+01 3
220 45 5.146069e+02 1.751751e+02 3.891645e+01 1.712033e+01 3
220 35 5.750377e+02 1.731772e+02 2.357939e+01 1.578574e+01 3
220 1 5.772305e+02 1.722953e+02 1.766972e+02 1.667359e+02 1
220 31 6.668932e+02 1.725637e+02 6.530973e+01 2.630305e+01 3
220 30 6.851756e+02 1.712174e+02 7.124120e+01 3.465245e+01 3
220 29 7.125000e+02 1.682509e+02 1.183269e+02 5.389309e+01 3
220 28 1.041058e+03 1.644879e+02 2.009415e+02 2.105121e+02 3
230 36 5.117480e+01 1.933562e+02 1.850837e+02 7.239168e+01 3
230 55 2.240209e+02 1.789680e+02 8.130297e+01 2.664064e+01 3
230 52 2.381111e+02 1.788751e+02 7.643517e+01 3.596921e+01 3
230 40 3.530931e+02 1.812727e+02 7.370020e+01 3.515354e+01 3
230 41 4.027471e+02 1.734205e+02 5.009848e+01 3.582698e+01 3
230 44 4.577431e+02 1.757037e+02 4.326876e+01 2.410188e+01 3
230 45 5.151658e+02 1.770106e+02 3.776996e+01 1.733400e+01 3
230 35 5.419150e+02 1.761775e+02 2.836890e+01 1.941927e+01 3
230 1 5.715777e+02 1.741192e+02 1.967021e+02 1.855627e+02 1
230 37 5.992222e+02 1.726390e+02 2.360770e+01 1.444443e+01 3
230 31 6.677647e+02 1.746235e+02 6.625159e+01 2.688323e+01 3
230 30 6.880336e+02 1.737480e+02 7.354255e+01 3.572982e+01 3
230 29 7.175389e+02 1.688587e+02 1.217211e+02 5.619196e+01 3
230 36 5.117480e+01 1.933562e+02 1.850837e+02 7.239168e+01 3
230 55 2.240209e+02 1.789680e+02 8.130297e+01 2.664064e+01 3
230 52 2.381111e+02 1.788751e+02 7.643517e+01 3.596921e+01 3
230 40 3.530931e+02 1.812727e+02 7.370020e+01 3.515354e+01 3
230 41 4.027471e+02 1.734205e+02 5.009848e+01 3.582698e+01 3
230 44 4.577431e+02 1.757037e+02 4.326876e+01 2.410188e+01 3
230 45 5.151658e+02 1.770106e+02 3.776996e+01 1.733400e+01 3
230 35 5.419150e+02 1.761775e+02 2.836890e+01 1.941927e+01 3
230 1 5.715777e+02 1.741192e+02 1.967021e+02 1.855627e+02 1
230 37 5.992222e+02 1.726390e+02 2.360770e+01 1.444443e+01 3
230 31 6.677647e+02 1.746235e+02 6.625159e+01 2.688323e+01 3
230 30 6.880336e+02 1.737480e+02 7.354255e+01 3.572982e+01 3
230 29 7.175389e+02 1.688587e+02 1.217211e+02 5.619196e+01 3
240 36 4.094153e+01 1.939595e+02 1.893373e+02 7.438326e+01 3
240 55 2.211786e+02 1.797446e+02 8.212699e+01 2.693321e+01 3
240 52 2.342744e+02 1.786211e+02 7.767763e+01 3.635238e+01 3
240 40 3.512450e+02 1.813715e+02 7.463061e+01 3.540241e+01 3
240 41 4.027408e+02 1.737204e+02 4.965549e+01 3.601837e+01 3
240 44 4.568840e+02 1.756623e+02 4.366549e+01 2.429470e+01 3
240 35 4.987816e+02 1.786202e+02 3.798815e+01 2.501237e+01 3
240 45 5.148519e+02 1.764550e+02 3.971062e+01 1.724961e+01 3
240 1 5.694418e+02 1.740646e+02 2.027605e+02 1.912651e+02 1
240 37 5.764176e+02 1.736321e+02 2.598381e+01 1.643672e+01 3
240 31 6.686538e+02 1.744715e+02 6.668355e+01 2.709898e+01 3
240 30 6.887714e+02 1.731998e+02 7.382335e+01 3.586207e+01 3
240 29 7.194011e+02 1.698792e+02 1.230992e+02 5.701939e+01 3
250 36 3.733598e+01 1.954204e+02 1.922876e+02 7.482577e+01 3
250 55 2.190807e+02 1.805438e+02 8.265395e+01 2.714260e+01 3
250 52 2.341161e+02 1.807712e+02 7.770290e+01 3.668535e+01 3
250 40 3.521197e+02 1.823304e+02 7.344426e+01 3.564872e+01 3
250 41 4.007765e+02 1.755679e+02 5.066660e+01 3.611192e+01 3
250 35 4.342173e+02 1.830595e+02 5.768317e+01 3.590835e+01 3
250 44 4.573511e+02 1.783530e+02 4.368935e+01 2.436425e+01 3
250 45 5.143220e+02 1.783309e+02 4.002788e+01 1.740617e+01 3
250 37 5.495464e+02 1.764119e+02 2.877252e+01 1.952329e+01 3
250 1 5.769005e+02 1.776645e+02 1.669257e+02 1.575329e+02 1
250 38 5.947102e+02 1.739597e+02 2.301268e+01 1.621266e+01 3
250 31 6.683108e+02 1.753871e+02 6.663055e+01 2.715956e+01 3
250 30 6.892238e+02 1.745626e+02 7.399738e+01 3.608508e+01 3
250 29 7.205364e+02 1.709494e+02 1.226585e+02 5.723577e+01 3
260 36 9.774847e+00 2.003094e+02 2.072076e+02 7.941194e+01 3
260 55 2.085057e+02 1.826801e+02 8.528542e+01 2.802905e+01 3
260 52 2.256012e+02 1.836757e+02 7.957906e+01 3.773381e+01 3
260 35 2.673967e+02 1.926583e+02 1.201499e+02 6.790254e+01 3
260 40 3.465712e+02 1.862229e+02 7.503058e+01 3.699358e+01 3
260 41 3.968894e+02 1.791075e+02 5.231411e+01 3.676594e+01 3
260 44 4.534474e+02 1.810216e+02 4.462374e+01 2.494074e+01 3
260 37 5.116570e+02 1.805208e+02 3.724974e+01 2.471611e+01 3
260 45 5.119636e+02 1.831290e+02 4.052766e+01 1.789829e+01 3
260 38 5.698070e+02 1.783209e+02 2.720085e+01 1.898630e+01 3
260 1 5.947958e+02 1.805666e+02 1.120980e+02 1.059319e+02 1
260 31 6.694616e+02 1.799275e+02 6.772117e+01 2.799368e+01 3
260 30 6.904378e+02 1.783817e+02 7.577070e+01 3.737486e+01 3
260 29 7.235532e+02 1.737370e+02 1.274075e+02 5.928286e+01 3
270 36 1 2.053209e+02 1.517918e+02 9.767757e+01 3
270 55 1.758483e+02 1.860483e+02 9.322723e+01 3.033017e+01 3
270 52 1.883263e+02 1.873509e+02 8.918543e+01 4.143357e+01 3
270 40 3.206353e+02 1.906791e+02 8.259658e+01 4.080995e+01 3
270 41 3.794565e+02 1.819885e+02 5.671172e+01 3.940234e+01 3
270 44 4.424049e+02 1.834515e+02 4.535485e+01 2.620738e+01 3
270 37 4.450814e+02 1.857672e+02 5.770279e+01 3.635382e+01 3
270 45 5.039668e+02 1.847498e+02 4.232958e+01 1.872354e+01 3
270 38 5.339789e+02 1.820944e+02 3.391514e+01 2.415992e+01 3
270 39 5.783646e+02 1.805302e+02 2.363941e+01 1.819165e+01 3
270 1 6.015441e+02 1.825104e+02 8.268802e+01 7.868230e+01 1
270 31 6.705156e+02 1.819564e+02 7.178991e+01 2.999697e+01 3
270 30 6.932708e+02 1.804111e+02 8.137712e+01 4.064970e+01 3
270 29 7.322031e+02 1.751643e+02 1.398212e+02 6.757264e+01 3
280 52 1.000231e+02 1.875653e+02 1.145223e+02 4.952052e+01 3
280 55 1.069699e+02 1.856038e+02 1.114100e+02 3.453994e+01 3
280 37 2.487247e+02 1.920141e+02 1.392065e+02 7.562100e+01 3
280 40 2.607420e+02 1.921416e+02 1.059493e+02 4.875643e+01 3
280 41 3.405464e+02 1.818414e+02 6.758209e+01 4.513456e+01 3
280 44 4.188952e+02 1.851177e+02 5.062950e+01 2.927277e+01 3
280 38 4.727786e+02 1.839360e+02 4.951306e+01 3.524423e+01 3
280 45 4.902069e+02 1.848026e+02 4.631102e+01 2.028987e+01 3
280 39 5.375880e+02 1.817906e+02 3.423997e+01 2.383213e+01 3
280 42 5.882799e+02 1.811715e+02 2.725385e+01 1.527766e+01 3
280 1 6.001398e+02 1.828772e+02 6.975127e+01 6.648922e+01 1
280 59 6.451099e+02 1.798798e+02 2.660860e+01 1.586375e+01 3
280 31 6.726118e+02 1.816181e+02 8.095509e+01 3.419537e+01 3
280 30 7.029550e+02 1.796425e+02 9.360503e+01 4.774625e+01 3
280 29 7.622398e+02 1.732819e+02 1.766692e+02 9.013394e+01 3
290 52 1 1.901446e+02 8.107373e+01 6.854903e+01 3
290 55 1 1.850546e+02 1.280253e+02 4.291441e+01 3
290 40 1.287122e+02 1.934914e+02 1.628556e+02 6.638083e+01 3
290 41 2.610586e+02 1.804209e+02 9.253786e+01 5.650495e+01 3
290 60 2.805526e+02 1.826403e+02 7.757420e+01 3.292007e+01 3
290 38 2.926437e+02 1.858332e+02 1.216332e+02 7.281495e+01 3
290 44 3.799428e+02 1.825258e+02 6.344743e+01 3.388654e+01 3
290 39 4.637150e+02 1.814770e+02 5.635601e+01 3.575559e+01 3
290 45 4.653521e+02 1.830883e+02 5.193588e+01 2.267676e+01 3
290 42 5.450343e+02 1.807482e+02 3.620307e+01 2.037735e+01 3
290 1 5.942784e+02 1.816135e+02 6.522490e+01 6.195353e+01 1
290 58 6.342369e+02 1.783956e+02 2.264463e+01 1.872978e+01 3
290 59 6.651446e+02 1.763812e+02 2.529187e+01 1.484027e+01 3
290 31 6.796674e+02 1.803547e+02 9.802978e+01 4.224112e+01 3
290 30 7.202910e+02 1.788381e+02 1.181338e+02 6.297873e+01 3
290 29 8.738971e+02 1.681312e+02 2.641778e+02 1.726857e+02 3
300 40 1 1.968480e+02 1.362710e+02 1.150566e+02 3
300 41 1.149753e+02 1.781552e+02 1.514983e+02 8.056671e+01 3
300 60 1.887167e+02 1.831843e+02 1.087984e+02 4.199928e+01 3
300 39 2.630782e+02 1.820452e+02 1.408553e+02 7.622394e+01 3
300 44 3.156078e+02 1.802108e+02 8.965913e+01 4.317503e+01 3
300 45 4.432433e+02 1.811758e+02 6.041791e+01 2.655116e+01 3
300 42 4.712609e+02 1.799558e+02 6.051351e+01 3.241834e+01 3
300 43 5.800325e+02 1.717869e+02 2.933033e+01 2.226881e+01 3
300 1 5.932133e+02 1.781590e+02 6.626057e+01 6.270900e+01 1
300 58 6.581565e+02 1.740265e+02 2.511929e+01 1.761596e+01 3
300 31 7.066784e+02 1.768840e+02 1.311727e+02 5.911201e+01 3
300 30 7.888697e+02 1.743422e+02 1.728323e+02 1.033110e+02 3
310 41 1 1.757580e+02 7.891878e+01 1.462999e+02 3
310 60 2.750745e+01 1.873414e+02 1.765097e+02 6.001057e+01 3
310 42 2.036246e+02 1.871587e+02 1.953353e+02 8.588789e+01 3
310 44 2.110341e+02 1.835988e+02 1.352591e+02 5.984275e+01 3
310 45 4.146503e+02 1.821922e+02 7.324727e+01 3.287072e+01 3
310 43 5.321829e+02 1.712054e+02 4.543232e+01 3.348626e+01 3
310 1 6.082286e+02 1.761454e+02 6.839460e+01 6.443571e+01 1
310 53 6.583084e+02 1.717862e+02 4.469651e+01 2.544012e+01 3
310 58 6.970960e+02 1.713702e+02 2.333984e+01 1.689524e+01 3
310 31 7.836221e+02 1.743558e+02 2.080417e+02 1.061573e+02 3
320 44 3.171227e+01 1.867329e+02 2.433520e+02 9.695248e+01 3
320 45 3.953385e+02 1.832533e+02 1.043139e+02 4.298311e+01 3
320 43 4.347997e+02 1.715756e+02 9.947027e+01 6.851809e+01 3
320 1 6.698164e+02 1.713624e+02 7.044220e+01 6.570043e+01 1
320 53 7.728704e+02 1.668197e+02 6.808738e+01 2.737515e+01 3
330 45 3.693558e+02 1.813116e+02 1.415512e+02 5.955101e+01 3
330 1 7.574855e+02 1.652968e+02 7.535485e+01 6.552458e+01 1
330 53 9.795280e+02 1.571630e+02 9.706873e+01 3.317264e+01 3
330 45 3.693558e+02 1.813116e+02 1.415512e+02 5.955101e+01 3
330 1 7.574855e+02 1.652968e+02 7.535485e+01 6.552458e+01 2
330 53 9.795280e+02 1.571630e+02 9.706873e+01 3.317264e+01 3
340 45 2.161348e+02 1.886836e+02 2.404422e+02 9.977894e+01 3
340 1 8.150758e+02 1.737791e+02 7.223214e+01 6.232628e+01 2
350 45 1 1.940855e+02 2.833130e+02 1.809145e+02 3
350 1 8.072727e+02 1.759433e+02 6.356166e+01 5.335814e+01 2
360 1 7.617074e+02 1.709602e+02 5.055840e+01 4.383451e+01 3
370 1 7.425400e+02 1.730914e+02 4.267741e+01 3.571405e+01 3
